Engine started up
Pred.Date	MaxError	MeanError	ErrorVariance	Q80%	Q90%
2010-12-14	0.903835147683	0.258873665999	0.0628507723784	0.487741038837	0.623845463448
2010-12-13	0.792476962243	0.190925719579	0.040626422206	0.370256296558	0.498643012756
2010-12-10	0.866542550527	0.158047426	0.0327596203767	0.260234369646	0.440216664801
2011-4-8	0.826346495544	0.11653071631	0.024477548638	0.156845272163	0.281914213446
2011-2-28	0.688752253038	0.106655132873	0.0248898486929	0.143097372037	0.40706406104
2011-4-1	0.678298127774	0.117653126362	0.0208975843308	0.1682985122	0.346675597292
2011-2-21	0.738432685701	0.161120419027	0.0237474842555	0.261083834738	0.377944883578
2011-2-23	0.860507909737	0.0850312664995	0.0233899831244	0.102827217946	0.169005876128
2011-2-22	0.566890029665	0.0863133854651	0.0166681103952	0.104781716139	0.317798084451
2011-4-5	0.71110008859	0.106354298324	0.0208547871199	0.165561776494	0.290360561043
2011-2-25	0.724344769026	0.100115540749	0.0219799388893	0.133181356631	0.312860458397
2011-4-4	0.816925891669	0.110482011235	0.0274349193075	0.166442530618	0.353273229294
2011-2-24	0.660655170764	0.104162793518	0.0210375909473	0.148729993657	0.307885145013
2011-4-7	0.649867710948	0.0816046817354	0.0154977599872	0.0946653403435	0.206970446276
2011-4-6	0.844527474402	0.0735344925515	0.0174435242129	0.0853110350757	0.143987790295
2011-3-8	0.650359602537	0.0902302581173	0.0180580534774	0.123373187952	0.311843866074
2010-12-23	0.761421129127	0.108071710584	0.0162536991328	0.167734310971	0.298797681608
2011-3-7	0.775098780515	0.115950867738	0.0275761300363	0.150645705144	0.37125555599
2010-12-22	0.837422672924	0.09809874737	0.0191325776249	0.137467213367	0.273993616844
2011-3-2	0.625507724817	0.0693791725328	0.0109904627621	0.0832949793437	0.150095696548
2010-12-21	0.799124863986	0.11734669116	0.0311236254765	0.140523498442	0.281156233491
2011-3-1	0.484428497134	0.0640335113816	0.00719885226831	0.0923087182648	0.166565269172
2010-12-20	0.961458527708	0.245304064295	0.0484339908316	0.412956687626	0.561913546541
2011-3-4	0.68464173935	0.0953168832319	0.0175928455821	0.153659925807	0.257304093665
2011-2-1	0.598387989036	0.0836855945461	0.0102463024536	0.115113604832	0.206033355047
2011-3-3	0.615280366591	0.0834048266088	0.0122184535408	0.108384984183	0.254825683671
2011-2-3	0.855361572685	0.0812417323351	0.0174739224149	0.0928591713839	0.215932483138
2011-2-2	0.629975538442	0.112624833276	0.0225400414541	0.199056684378	0.370138593769
2011-2-4	0.860963866855	0.124295744897	0.0287651328137	0.158267409089	0.412179888077
2011-2-7	0.653157621163	0.0796998731989	0.0192152705317	0.0781649399225	0.21865636853
2011-2-9	0.54416432869	0.0826589336095	0.0113972767733	0.105600321327	0.229003889048
2011-2-8	0.621946068323	0.0938478675642	0.0131057648128	0.13588470151	0.243041921749
2011-3-9	0.716530544501	0.112857017443	0.0227604276797	0.173003932787	0.352326985465
2010-12-17	0.812715867035	0.271940892124	0.0433849724406	0.437845542829	0.593529800826
2010-12-15	0.762344518654	0.212974875853	0.0467306595331	0.410573883849	0.573723323618
2010-12-16	0.866074698548	0.300951744891	0.0559590441005	0.520177072179	0.700789746101
2010-10-8	0.841608942361	0.128969677852	0.0311181885032	0.168640306831	0.400651881647
2010-10-7	0.794295381777	0.151331482088	0.0316789014231	0.24684358329	0.450025351115
2010-10-6	0.838935315241	0.118742298926	0.0269327760979	0.15286432887	0.28943619926
2010-10-5	0.628320308181	0.0989260848861	0.0130915098706	0.157178207659	0.195451968231
2010-10-4	0.498799488642	0.099889936262	0.0096920473993	0.150116138025	0.217333383718
2011-1-21	0.720260660921	0.132296538339	0.0331769528029	0.198276170502	0.438123395797
2011-1-20	0.722180975077	0.100729626172	0.0182873099049	0.155730995788	0.28543355536
2011-1-26	0.860072962962	0.111295801104	0.0250071428451	0.15391998506	0.312526766951
2011-1-25	0.621855583672	0.092009050229	0.014158842993	0.13880582463	0.222398770289
2011-1-24	0.808834775766	0.187101394136	0.0334431184345	0.307188630901	0.405050545101
2011-1-27	0.724520789588	0.102536526429	0.0187820153329	0.153485398506	0.306462959419
2011-1-28	0.800781516447	0.094966238415	0.0311734989925	0.0841516792895	0.152019064131
2011-4-19	0.870363075739	0.132849699041	0.031346323465	0.230859452905	0.462551232902
2010-11-12	0.940330090008	0.29205467306	0.0658310590573	0.507810766181	0.712891644224
2010-11-11	0.895513692001	0.269300307317	0.0718025649978	0.58362577105	0.708917280291
2010-11-10	0.942041837138	0.299956450276	0.0685461642859	0.56697610028	0.749809554766
2011-1-11	0.783509487083	0.150380301434	0.032974875811	0.230112577412	0.434361725056
2011-1-10	0.824703386005	0.160744894449	0.034207947664	0.274231038028	0.473613717938
2011-1-13	0.730770700485	0.102552411154	0.0211077735831	0.134929215831	0.206003873008
2011-1-12	0.832774366962	0.125832015291	0.0298714299147	0.235235608789	0.347724813818
2011-2-17	0.646131839146	0.0921982693217	0.0154190276589	0.127304568542	0.259729145324
2011-2-18	0.883752597777	0.0958078912097	0.0188401300046	0.156215840262	0.247110382538
2011-1-14	0.854040945982	0.141404967102	0.0241984065228	0.217141732468	0.34252968346
2010-12-3	0.903352295506	0.210341343549	0.0377491782374	0.35342360775	0.519507759849
2011-2-16	0.656853549902	0.0882719763529	0.0212537102283	0.11201525362	0.263800853095
2010-12-2	0.837940530808	0.185622894888	0.0535162171788	0.352970373396	0.636726365468
2011-1-17	0.830518310556	0.12755858991	0.0302437140092	0.177235763976	0.427912100223
2011-2-15	0.791036615652	0.102711430057	0.023392732235	0.130565852263	0.262516964196
2010-12-1	0.920403689528	0.212994484758	0.046683999354	0.374954686159	0.547617066392
2011-1-18	0.692569428397	0.101485006133	0.0200031994484	0.12797246616	0.26198471227
2011-2-14	0.831229761771	0.1136984804	0.0289757614364	0.171426050753	0.36532952346
2011-1-19	0.871347515821	0.118371071023	0.0285868889182	0.195049860389	0.353630278653
2011-2-11	0.791655446119	0.0957939286036	0.0188819404013	0.116145353875	0.231000325207
2011-2-10	0.697501921044	0.0777848473227	0.0128113304169	0.112481863265	0.186144253227
2011-4-12	0.834587225222	0.0829369584493	0.0138101194979	0.129345329442	0.208944472353
2011-4-11	0.785997566718	0.115845013443	0.0257914188505	0.150126166993	0.280772873386
2011-4-14	0.812519769583	0.133421915445	0.0357470202055	0.208434189335	0.361454190145
2010-12-9	0.774661788458	0.14491528998	0.028774935341	0.244729802316	0.421197100329
2011-4-13	0.476121397566	0.0683668711657	0.00851060673737	0.107643686691	0.198967561295
2010-12-8	0.840204780005	0.192399318479	0.0444140265979	0.386192781571	0.55826080624
2010-12-7	0.858234945449	0.207951415498	0.0479874850736	0.429789846978	0.586106397044
2011-4-15	0.928218884337	0.104103456488	0.0235837907114	0.144081952469	0.283196897458
2010-12-6	0.905549595972	0.14776325871	0.0319613567127	0.238999478885	0.391325475706
2011-4-18	0.894915155321	0.122262979737	0.0288445133373	0.193034758171	0.337219570613
2011-3-29	0.66330549765	0.101602396233	0.0153813653054	0.132940586893	0.253121770391
2011-3-28	0.888240767665	0.11397377544	0.0213064683504	0.169349196269	0.27808570256
2010-10-25	0.951169403712	0.213349858053	0.0636978257792	0.405898298008	0.691262795789
2010-10-27	0.882209764826	0.21946348842	0.0622189951432	0.433433345242	0.657722202428
2011-3-25	0.827057544302	0.154263683974	0.0384375619747	0.255615433934	0.375315550685
2010-10-26	0.940802784018	0.272971659525	0.0769508860747	0.580018591966	0.727052101198
2011-3-24	0.751050788376	0.104797151813	0.0211608299591	0.134198762173	0.267699896578
2010-10-29	0.944421582846	0.227921909187	0.06444957279	0.340995197246	0.732820212247
2011-3-23	0.877248282106	0.112506973946	0.025651467674	0.164888471744	0.294861255713
2010-10-28	0.939532531473	0.289483774803	0.0752546510603	0.61960062655	0.714871242221
2011-3-22	0.550256858235	0.0719268607287	0.0111504215962	0.0744597903561	0.199677645268
2011-3-21	0.657927397334	0.160392468154	0.0223642560764	0.254165854435	0.362962515892
2011-4-26	0.88840165143	0.15359969559	0.04200915875	0.243963375613	0.513011486686
2011-3-18	0.842639801816	0.155754595733	0.0474855062995	0.223359119096	0.473755800405
2011-4-27	0.949057138041	0.242845481935	0.0677751699242	0.521726859632	0.679843828151
2011-4-28	0.918819533492	0.333844372956	0.0899739752529	0.711937428547	0.774690887574
2011-4-29	0.971273638014	0.384460050544	0.0854400545582	0.689068458866	0.798108177447
2011-4-20	0.821431418114	0.136090600548	0.038701896184	0.18422329109	0.381572357716
2011-4-21	0.901284467226	0.18617758817	0.0564380599002	0.385294875724	0.624640006067
2011-1-31	0.66485708687	0.110623278534	0.0225932302287	0.145109307011	0.338353779139
2011-3-15	0.471659292645	0.0547576233414	0.00892860752971	0.0538926579974	0.105923834697
2011-3-14	0.738447203288	0.077306958374	0.0197213378583	0.0763858113811	0.170002621134
2011-3-17	0.709724668331	0.0961502447275	0.017456346464	0.143641025649	0.247687131994
2011-3-16	0.574318201642	0.0645023512337	0.0136138434395	0.0591763227461	0.16061375032
2011-3-11	0.716233782168	0.110597877657	0.0260341374568	0.152721801757	0.365503589999
2011-3-10	0.62588006789	0.0898610764916	0.014762017855	0.144008291891	0.232202776696
2010-10-11	0.657296087334	0.0895686779048	0.0145511301597	0.110552481173	0.231545354116
2010-10-12	0.80845499694	0.128958263854	0.0257475327125	0.160580654747	0.407574585636
2010-11-26	0.853576469727	0.245221921252	0.0461920360621	0.435203640862	0.570196296573
2010-11-25	0.868807395757	0.214175760541	0.0470898601703	0.366701804167	0.51653883485
2010-12-30	0.74325842919	0.140772267596	0.021364511999	0.202240245126	0.316804453715
2010-11-29	0.959143966472	0.170085530277	0.0417009063138	0.289637699952	0.487040916159
2010-12-27	0.894774830237	0.225806036445	0.0425320000361	0.376202964154	0.524149985792
2011-1-5	0.713182292004	0.121197375691	0.0224010129696	0.172064247948	0.291661717931
2011-1-6	0.522871456255	0.10061036291	0.00993305792069	0.174518063696	0.230883485636
2010-11-30	0.753258625791	0.209339223534	0.0389602877261	0.383386763958	0.526174791076
2010-12-29	0.840991682896	0.123241142552	0.023710366266	0.16364716556	0.255493345015
2011-1-3	0.822335878666	0.203576750701	0.0454762626391	0.383505334757	0.586690736887
2010-12-28	0.888171939208	0.129791825405	0.0373848057875	0.147538877422	0.313268127688
2011-1-4	0.76904200979	0.134419055107	0.0298841184489	0.185186335143	0.414528669161
2011-1-7	0.547729675307	0.126814738941	0.0112353608126	0.232326016107	0.285631152251
2010-10-22	0.789714336497	0.147453832954	0.0268937303359	0.214220450398	0.434950205293
2010-10-20	0.830793746279	0.141271415423	0.0279199860996	0.235242215784	0.361229987098
2010-10-21	0.798872361329	0.163412940151	0.0406087981044	0.250373206853	0.521579828959
2010-11-17	0.943702563612	0.259458359102	0.0481886184349	0.412509590194	0.573113316415
2010-11-16	0.935283038593	0.289890840893	0.0613009106794	0.531232536924	0.700515701771
2010-11-15	0.936273227249	0.24620210816	0.0692608489198	0.459804873768	0.670159406387
2010-11-19	0.939901047904	0.296498528684	0.0693226401993	0.490199283419	0.78093291207
2010-11-18	0.939490071999	0.242526517601	0.0586892855205	0.488673941218	0.627661820932
2010-11-23	0.877209505457	0.229062288229	0.0366097589268	0.366776300063	0.515502492319
2010-11-3	0.891311157651	0.263082725974	0.0573037186321	0.524765545517	0.679702961982
2010-11-24	0.884027150683	0.226045825977	0.0423950906091	0.410523656452	0.56223282067
2010-11-4	0.9543871792	0.250613348717	0.0590389689229	0.489844333309	0.596645711004
2011-3-31	0.86247291923	0.111117072404	0.0300758338201	0.13160460067	0.243858096918
2010-11-1	0.96425891879	0.292158730531	0.0756821039051	0.561493330727	0.758315652061
2011-3-30	0.470880208365	0.0820829272285	0.00873318784859	0.125059184255	0.208106182595
2010-11-22	0.876166309871	0.197002149248	0.0567540374498	0.398196453075	0.624579490083
2010-11-2	0.952958753407	0.288514987344	0.0680812085386	0.563962406109	0.692212918044
2010-11-8	0.925839832172	0.320383033577	0.0929094160782	0.698264219853	0.810289260704
2010-10-19	0.852076337755	0.158814487434	0.0401930499646	0.270140001778	0.4638332085
2010-10-18	0.883006460962	0.160083970277	0.0376972366484	0.232768611335	0.417590506345
2010-11-5	0.945109591137	0.245323100381	0.0649603809556	0.397446880545	0.702078838894
2010-10-15	0.894442275398	0.137749558229	0.0272100781611	0.207254771105	0.364257922523
2010-11-9	0.967636879408	0.373152070746	0.101617351707	0.766348438755	0.869009564642
2010-10-14	0.840350623658	0.157389416519	0.0329204002528	0.243659805613	0.477581168409
2010-10-13	0.814093282443	0.152652449205	0.0376577567986	0.226374469359	0.388475885796

Pred.Minute	MaxError	MeanError	ErrorVariance	Q80%	Q90%
1032	0.817565798331	0.15990902762	0.0325850496119	0.290573274593	0.428843355439
1033	0.831992293343	0.165595467894	0.035542617243	0.302275965907	0.420261894148
1034	0.835699113295	0.162934012233	0.03560417684	0.291366670467	0.418341403876
1035	0.824103687427	0.145956757191	0.0305502712804	0.274712297116	0.389457522033
1036	0.831293932489	0.152996168906	0.0314963744703	0.286341806715	0.389428896075
1037	0.829450476055	0.149136980956	0.0312527653799	0.295695875937	0.398970245675
1038	0.755633861052	0.133426114966	0.0282918351283	0.234235248832	0.391926598394
1039	0.750248686743	0.126444428314	0.0250040140594	0.207325577308	0.365202546374
1024	0.64716770286	0.0858296479465	0.0129023434312	0.156679981684	0.248860033973
1025	0.609058359517	0.103473637658	0.0171465555616	0.172738945889	0.317340564574
1026	0.584479453611	0.108719672677	0.018289291538	0.183880649674	0.313512861222
1027	0.675842504923	0.115275872787	0.0203774183342	0.190633335278	0.341387232672
1028	0.66415289621	0.122425642354	0.0213071449435	0.190222776402	0.329479876799
1029	0.619824190797	0.108904018507	0.0183464073572	0.16670771214	0.302038731184
1030	0.824890336501	0.11989679848	0.0219388376491	0.184860626579	0.341909591575
1031	0.825566322513	0.143167889246	0.0296843158182	0.239652178672	0.377988845545
1049	0.0296586925169	0.000426279782189	6.54121030602e-06	0.000265364832927	0.000446796099508
1048	0.59855155368	0.0151779092564	0.00527556768523	0.000914211185939	0.00457828494334
1051	1.53557553208e-11	3.84775931979e-12	9.42597315546e-24	5.71989373635e-12	8.01935202335e-12
1050	1.3458797908e-05	3.33479991897e-07	2.15986327304e-12	1.47340693123e-07	2.35542169055e-07
1053	1.53557553208e-11	3.84775931979e-12	9.42597315546e-24	5.71989373635e-12	8.01935202335e-12
1052	1.53557553208e-11	3.84775931979e-12	9.42597315546e-24	5.71989373635e-12	8.01935202335e-12
1055	1.53557553208e-11	3.84775931979e-12	9.42597315546e-24	5.71989373635e-12	8.01935202335e-12
1054	1.53557553208e-11	3.84775931979e-12	9.42597315546e-24	5.71989373635e-12	8.01935202335e-12
1041	0.77364152403	0.112575578374	0.0246718954654	0.202183835235	0.302321450413
1040	0.778727859395	0.136661005926	0.0309076655856	0.250482080597	0.389645144742
1043	0.788595634452	0.114492088056	0.0301448392994	0.138176947653	0.38233959865
1042	0.782456136766	0.100167925165	0.0222040481389	0.142510601661	0.304078800472
1045	0.795797539659	0.120012446859	0.0315639539408	0.147870887192	0.373454320988
1044	0.799860395512	0.112961935966	0.0297800143605	0.120348673882	0.343510982425
1047	0.578126341984	0.0182496902352	0.00556845629311	0.0025175966718	0.0289603737714
1046	0.574265325742	0.0188580740971	0.00536723216664	0.00402277929939	0.0333535355619
550	0.877298321843	0.137084863756	0.0507867166047	0.170202950175	0.572262112678
551	0.903835147683	0.123085795963	0.0425519442564	0.136321388211	0.386136390708
548	0.856321822911	0.128795151218	0.0458876931788	0.181427804508	0.525808987646
549	0.860904499903	0.133824651358	0.0478116902041	0.187634201596	0.524500254187
546	0.854193423706	0.0861926839113	0.0281091093358	0.067708922305	0.193462852263
547	0.855681615188	0.110448876355	0.0421863120552	0.0820515087343	0.521478071937
544	0.865747771954	0.0871011067342	0.0271667184113	0.0768606866467	0.176716090891
545	0.859693679797	0.0867527763401	0.0274076010688	0.0774436525369	0.188484880139
558	0.819586206091	0.107640326385	0.0249574598363	0.146020037604	0.236797009165
559	0.827878416633	0.109006386364	0.026418403091	0.145068381931	0.268440771521
556	0.906975986153	0.140809764381	0.042218641666	0.202535192812	0.386229656155
557	0.878008721753	0.143663277206	0.0421790731781	0.22388877406	0.446139190686
554	0.887841254491	0.149092457635	0.053987672307	0.192129229182	0.613109640894
555	0.888330542731	0.149530804579	0.0487308946115	0.227019404587	0.493312699448
552	0.942041837138	0.160199937415	0.0598270221566	0.275527506606	0.638156224056
553	0.884894096512	0.137940527493	0.0493547166599	0.166145477999	0.51822730698
567	0.691015512721	0.0769898009562	0.0105298876814	0.118248262891	0.186362072892
566	0.82766422942	0.0936023076358	0.018581940745	0.149545171299	0.215970138499
565	0.836714432512	0.0862864991308	0.0149702830559	0.128325907221	0.217225020304
564	0.675324851136	0.0803838622566	0.0125914148083	0.10218607482	0.227186904098
563	0.656212534396	0.0856489627188	0.0128369224852	0.117137062515	0.261357748052
562	0.643932403892	0.0871288350788	0.0130493286037	0.127042871004	0.252108566346
561	0.845659000738	0.111888149568	0.0268062307197	0.171579639945	0.30879303455
560	0.837815989191	0.108449915388	0.0276943181649	0.141212504304	0.285628381549
575	0.826138538305	0.14066711889	0.0411191315141	0.19051241043	0.398098849037
574	0.842980507285	0.143802867625	0.0398944614463	0.210528205885	0.399442695336
573	0.837639320326	0.13766431681	0.0355265707876	0.207880019945	0.379224508604
572	0.828337585805	0.129376621535	0.0301403331235	0.22187513672	0.413265481151
571	0.798469252547	0.127642046381	0.0276448349068	0.23555631758	0.342366946443
570	0.788779096193	0.120332446439	0.0245201668102	0.206751934496	0.291287131891
569	0.795442719104	0.119777560496	0.024262190115	0.221130303292	0.312710366369
568	0.797112374851	0.102128429466	0.0195561354087	0.183679378803	0.273520465947
533	0.198106916399	0.025943654563	0.00144295302315	0.0336817224186	0.0589661095134
532	0.177313197288	0.0130260699773	0.00067790862767	0.0181695537901	0.0273818607473
535	0.26922765788	0.0385538343242	0.00233575646131	0.0589573997178	0.0960027306214
534	0.197024388151	0.0322130861404	0.00161509210971	0.0487093299641	0.0836907746056
531	6.38875085107e-09	7.33573575289e-10	8.92885222744e-19	1.22207884589e-09	1.82130921598e-09
541	0.706164601071	0.0614440462826	0.0138508049326	0.0584826030886	0.113307735115
540	0.268423888293	0.0538140252225	0.00400734603363	0.0905533794017	0.153553562979
543	0.846471212308	0.0823763373295	0.0263536868694	0.0643614133822	0.163563383308
542	0.694566421732	0.0560969817826	0.0121541909325	0.0612997196432	0.105389024396
537	0.271711723199	0.046163138724	0.0029877672997	0.0778825120205	0.126482065794
536	0.283965780446	0.0416509325343	0.00264088117297	0.0667664260532	0.118539208773
539	0.291670717109	0.0524092557686	0.0037681773735	0.0912833948696	0.143709741772
538	0.31052528917	0.052556805015	0.0036656458134	0.0926377270284	0.135784862716
610	0.895611558677	0.164945134132	0.0494005323638	0.235717704711	0.532517067601
611	0.934181891534	0.163594690135	0.0522554906323	0.221576909864	0.549445775777
608	0.915979494031	0.153122925042	0.0396600156792	0.255765945363	0.405372948804
609	0.903619094614	0.156234892069	0.0431016205431	0.255510543606	0.405937089774
614	0.869531152019	0.147884470916	0.0393439661359	0.232597619416	0.451455322112
615	0.867553614142	0.153681281426	0.0416294030751	0.242728531131	0.485138691689
612	0.9543871792	0.172167513122	0.0584459176711	0.278829104721	0.549341047291
613	0.87735700972	0.15535270099	0.0433216520063	0.269841795386	0.484542528322
618	0.920460467913	0.179680421987	0.0497574494495	0.346022326745	0.524955911099
619	0.924792745214	0.163193205533	0.0414247592649	0.304198778764	0.481203010866
616	0.925113425242	0.179178180133	0.0501188074098	0.313219069422	0.515544803363
617	0.921627469889	0.172366283368	0.0483024789948	0.297385981491	0.529640132068
622	0.904235566064	0.145752153613	0.0378074930802	0.204963767295	0.473001673472
623	0.861649195043	0.160548381066	0.041929955154	0.268283946714	0.515313289399
620	0.926932775341	0.14033563794	0.0355632970315	0.204336926453	0.474252418496
621	0.940330090008	0.166161328815	0.0456638518132	0.327329831799	0.491597519364
627	0.882938357598	0.157633859683	0.0440025843949	0.266982861898	0.560344800585
626	0.875671411897	0.143419809617	0.0385002055258	0.183484955877	0.513846324634
625	0.86903482031	0.170704745015	0.0486308564003	0.279682698272	0.576479601864
624	0.871323727302	0.160570587925	0.0430788576437	0.260039829442	0.5537767904
631	0.840484316448	0.197491723343	0.0587810941735	0.425852903949	0.634627723775
630	0.892897827549	0.179469456062	0.0509692833254	0.334196843578	0.574777130644
629	0.884534926841	0.152683117072	0.0418204506606	0.19782466695	0.539309782612
628	0.88353742426	0.15461637312	0.0418162593775	0.20270740598	0.535679489917
635	0.794000152349	0.160916817137	0.0393148675192	0.261124824222	0.527436552373
634	0.798254048057	0.171963904154	0.0437730931514	0.310180235443	0.517932729806
633	0.787304317325	0.159971171056	0.0403300160072	0.2654624683	0.516548669592
632	0.818799804914	0.169558380978	0.0475048990606	0.320009033587	0.567274712662
639	0.81878181326	0.166774924938	0.0342183018995	0.292094134549	0.474936439574
638	0.873525499064	0.168467534535	0.0405436374755	0.28541198593	0.493649359788
637	0.801184143068	0.161324231531	0.0401789255809	0.250529392402	0.527060964224
636	0.799328434286	0.161780392316	0.0407150853572	0.26349232213	0.541063687891
576	0.864274432397	0.132822878695	0.0404295973612	0.159983880225	0.442213671097
577	0.870408428723	0.136411063616	0.041909893133	0.16355370659	0.474087392444
578	0.880510496131	0.119610465727	0.0341555726999	0.137442275138	0.36830067331
579	0.849813194269	0.115893147564	0.031983796225	0.128364941769	0.368800550936
580	0.84348502826	0.150527381721	0.0417378509279	0.287812670844	0.446299139664
581	0.842721243836	0.147042729186	0.0391813213403	0.275840825378	0.434208940225
582	0.867158147874	0.151234515975	0.0427965865722	0.252976163809	0.470477293814
583	0.870947002227	0.138760098684	0.0378708493387	0.220651987767	0.411820173392
584	0.909786872036	0.138937995646	0.0390300824128	0.225375583364	0.442093478687
585	0.931347585299	0.124215465743	0.0341817060454	0.196216409369	0.326756089888
586	0.963083714289	0.124822507813	0.0367500333933	0.176497219588	0.394168420339
587	0.96425891879	0.113438959423	0.0336774052475	0.139616159964	0.358714360461
588	0.956963046536	0.129987633261	0.0406299606013	0.184311900295	0.43984383016
589	0.768371750611	0.104928600138	0.0236456058339	0.175306524154	0.281661185788
590	0.827279586763	0.118491921209	0.0334218494242	0.18238492715	0.334033399851
591	0.82830213999	0.12672229308	0.0343034159953	0.186719293212	0.415976659461
593	0.859357391694	0.133660284079	0.0399790916726	0.206041496883	0.433259486189
592	0.843737785855	0.134832778526	0.041118816038	0.204627777971	0.431187141663
595	0.889047929279	0.135411660783	0.042170759117	0.185747609968	0.43553524424
594	0.939901047904	0.158228797405	0.049125255592	0.299476100531	0.47239972573
597	0.921205621358	0.135625887499	0.0401255569218	0.224623245528	0.445791023444
596	0.905579328116	0.129038505629	0.0386782934778	0.183812516497	0.402782984451
599	0.945109591137	0.136466475161	0.0381782941346	0.208481187024	0.41772853738
598	0.924724495276	0.150761697225	0.0470146970403	0.303715901087	0.497598508521
601	0.937108501223	0.150224206036	0.0406498822261	0.273679877108	0.414741119078
600	0.944351916836	0.152961322392	0.0442725222224	0.27869038811	0.43722718398
603	0.908787441259	0.143492807045	0.0358485881465	0.295380744274	0.409493692565
602	0.907939029005	0.165670174827	0.0448754512389	0.333197965481	0.451981854224
605	0.916050520626	0.184319064872	0.0547454703225	0.360928497116	0.519965369975
604	0.913182814373	0.174007546024	0.0500836741186	0.344463225456	0.498080013586
607	0.926148860418	0.177755883685	0.0497806786368	0.31548917096	0.512595430465
606	0.922696330092	0.167251936081	0.0480828655002	0.307565255015	0.483258251757
687	0.952576274356	0.155261472562	0.0348237804015	0.231814177272	0.370389595978
686	0.954132567186	0.158400299578	0.0340052110572	0.222699372093	0.412733129153
685	0.950674412702	0.1512047891	0.0288005188536	0.217308260091	0.352139037623
684	0.950849809532	0.147319621339	0.0272181112484	0.21649379575	0.328517222439
683	0.930470761728	0.149839663778	0.0285146047122	0.213605964177	0.363931056206
682	0.931730535537	0.174284479581	0.042543875322	0.242888285552	0.44813676001
681	0.935229502711	0.159205353538	0.0408407895366	0.242889449836	0.405303178816
680	0.861987669265	0.147819970104	0.0352812569024	0.217025061837	0.41506891872
679	0.817344209855	0.162300921471	0.0364581451347	0.287479540102	0.466738210544
678	0.841608942361	0.16795386002	0.0385469682188	0.246667489785	0.497728800275
677	0.899489604212	0.193910150553	0.0473174801264	0.378766031954	0.522673415524
676	0.871299745457	0.199736058094	0.0518608332453	0.379938217478	0.554688437895
675	0.888240767665	0.206216831619	0.0579673992705	0.399181234342	0.629151225863
674	0.886088159598	0.203745751535	0.0616083989614	0.415624539546	0.668726411666
673	0.894442275398	0.231865321199	0.0760922084335	0.524864873703	0.714841598615
672	0.874912318578	0.207218253698	0.0635419507121	0.396002934539	0.701891200964
702	0.925839832172	0.21246469165	0.0608493840334	0.405064641595	0.63704159609
703	0.894915155321	0.219537385481	0.0586272795258	0.399470034429	0.595784147232
700	0.905690976856	0.197915753264	0.0501223006053	0.339591405527	0.566248526536
701	0.909407579156	0.201633527126	0.0506376310166	0.330773221954	0.567177230157
698	0.927727995604	0.200637582205	0.0527754584989	0.372731990668	0.566124956091
699	0.928218884337	0.192721441563	0.0475909282387	0.32235915216	0.562659911978
696	0.893390932389	0.187527136998	0.0470180337908	0.345133520049	0.522287171412
697	0.894968417585	0.209505669399	0.0539998294739	0.389456977486	0.572040710438
694	0.896638938324	0.199334111474	0.0467502391706	0.371323975774	0.511154590411
695	0.896784205125	0.189650915433	0.046538576966	0.359232111826	0.519409974622
692	0.917798910227	0.175632330156	0.0477002829132	0.272717988555	0.506430123808
693	0.919708938455	0.18524490534	0.0465035856932	0.346900916827	0.501938574909
690	0.954829611903	0.204156509487	0.0595131291889	0.334489617005	0.645199327273
691	0.922744589329	0.191476147626	0.0497208339042	0.333570708233	0.552979232746
688	0.957515725086	0.159108439786	0.0391195537253	0.232535073078	0.428298433638
689	0.959143966472	0.176544940437	0.0441603872713	0.311285568685	0.501317951013
653	0.882691970772	0.157415846847	0.0411846294641	0.25049113292	0.443979616747
652	0.847282157703	0.156239270597	0.038040693506	0.261310908112	0.443874439515
655	0.875093457201	0.135559065607	0.0357225150833	0.189431854949	0.396697640767
654	0.899450078607	0.15276869662	0.0416782635758	0.216169985496	0.417999766058
649	0.906208094039	0.1687492173	0.0464985105012	0.314064704005	0.528768227391
648	0.913158394001	0.191728729434	0.0496859176539	0.373768338608	0.556323288705
651	0.846758803829	0.156203571228	0.0371180289111	0.256514132739	0.435625426041
650	0.89750890932	0.168502174705	0.0398600160506	0.312576294772	0.467884974314
645	0.895771515568	0.125166243557	0.0264892317811	0.190271062176	0.255938685619
644	0.82759848659	0.113956507123	0.0193990367838	0.17049595988	0.244135698649
647	0.915159128098	0.157724397645	0.0422243959349	0.229577081324	0.409201154402
646	0.909956302599	0.145490049422	0.0380618089799	0.200850662878	0.344996320854
641	0.90437945687	0.165986005168	0.0400190439689	0.230734791347	0.470711561531
640	0.918819533492	0.17571451205	0.0401362366501	0.282613424169	0.50377337424
643	0.842639801816	0.115357710589	0.021836980457	0.156525892541	0.23264266631
642	0.813239152712	0.147027428668	0.0353955250966	0.173024115879	0.42505433647
668	0.846193106151	0.191413389554	0.0553600800057	0.303993115589	0.637637179472
669	0.841195810303	0.191809697025	0.0544335662589	0.330498231142	0.631319468703
670	0.840986751118	0.21521788167	0.0589608710454	0.411972266589	0.657368486414
671	0.842287319906	0.214463511948	0.0609433099858	0.42567559141	0.690029113899
664	0.921841901372	0.199043499687	0.054192320118	0.370335487215	0.586892642376
665	0.932692434663	0.216169412615	0.0652582066711	0.426737250387	0.672794528758
666	0.926826115039	0.21046948608	0.0579451067859	0.425949356574	0.632479249283
667	0.920399774056	0.221936782593	0.0650439772376	0.472251386379	0.674051530341
660	0.912155721142	0.15149929452	0.0337632376679	0.259129017115	0.402227785375
661	0.88723633534	0.151432777442	0.0322429417415	0.267085585545	0.416221414921
662	0.890303342618	0.154929948706	0.0329179920603	0.273275360406	0.405517740851
663	0.892923639097	0.179473334112	0.0435888715157	0.310448313587	0.498061013295
656	0.841855214512	0.142691529457	0.0324143170355	0.211971400443	0.377983270606
657	0.805884583823	0.157529793711	0.0377467615513	0.243832616226	0.493913012149
658	0.929169631332	0.158246590391	0.041909166728	0.252853333934	0.468836549722
659	0.905533879847	0.154495695025	0.0363223642073	0.259673809762	0.454597177293
747	0.900383705351	0.153013195542	0.0432116585029	0.216821176082	0.455562105496
746	0.892763593532	0.163474724736	0.0427963549233	0.231872739424	0.554111718357
745	0.891576056091	0.157061954757	0.0368492631581	0.237142743099	0.392231916742
744	0.84911912653	0.149946607828	0.0364086683773	0.243542855175	0.403010583654
751	0.863828520892	0.144474680346	0.0388353129504	0.179158855152	0.410234487078
750	0.883752597777	0.14417491941	0.0399589221047	0.181979328229	0.380774629538
749	0.870553314253	0.134684917506	0.0393752393194	0.166543393158	0.329315618854
748	0.854080912929	0.147089466153	0.040442178974	0.211532431429	0.382960206853
739	0.846105155471	0.203523910168	0.0552241834956	0.383402808333	0.655517378331
738	0.833976336443	0.205806851881	0.0541791133316	0.422529410615	0.602633905954
737	0.893850924441	0.181199573121	0.0480041568036	0.285493514813	0.53507265175
736	0.894891493856	0.196020464038	0.0490789200724	0.301386239431	0.574764073444
743	0.85545382878	0.152454206197	0.0368498711071	0.244007389211	0.420924697174
742	0.810301518475	0.172182424122	0.0439354614923	0.279170263576	0.515836433827
741	0.806882593357	0.177569911593	0.0461578182747	0.284130607107	0.605564750066
740	0.866542550527	0.182968350765	0.0490584926672	0.278358832029	0.60496299276
762	0.900921261265	0.161997398466	0.0434234565248	0.255157284146	0.466596450299
763	0.898511951463	0.177795132791	0.0466051365862	0.302996240949	0.524328896505
760	0.951169403712	0.190737461802	0.055322125804	0.336160334851	0.56440036132
761	0.94663517859	0.186029869821	0.0551956188074	0.347056080127	0.555926885528
766	0.902191310583	0.191260853808	0.046247944788	0.286629225412	0.561839353237
767	0.961458527708	0.223883935113	0.0584995908272	0.36592514391	0.660449814148
764	0.896738972062	0.185258939186	0.0467142019592	0.292438871472	0.565495988047
765	0.951058346552	0.183608713414	0.048698588187	0.28633689463	0.554371932424
754	0.920960727378	0.159588253425	0.0475281672663	0.20515627081	0.534723352799
755	0.935180028729	0.180218125056	0.0528205173393	0.276064383876	0.650731139034
752	0.91578331796	0.165962782187	0.0497569718283	0.202265057677	0.497260098339
753	0.919960444841	0.16645166672	0.0499370577683	0.216995010285	0.513511354052
758	0.926182418307	0.190739725262	0.0521039488615	0.296977258718	0.557980629367
759	0.947493444046	0.189143957655	0.0487060754386	0.293741154756	0.555410671446
756	0.934635190327	0.178061190766	0.0513426297183	0.257371920494	0.62553616186
757	0.936273227249	0.183512642272	0.0533235638642	0.266417673303	0.630667069312
713	0.940848022491	0.1954610275	0.0511259064078	0.332697376199	0.564756656991
712	0.934406516796	0.178249583702	0.0444076116299	0.283528853815	0.511120413002
715	0.932827764439	0.167635006855	0.0403727439368	0.274973654555	0.447714681653
714	0.933346594892	0.18029708108	0.0442632030858	0.299396863147	0.478498978823
717	0.941755464971	0.179247566464	0.0425080528958	0.318343051969	0.432979648121
716	0.944421582846	0.202513982094	0.0488242130279	0.351709219624	0.516482364162
719	0.940339743077	0.206800781318	0.058203472777	0.380569233218	0.604575009058
718	0.943050947184	0.185650417897	0.0469976504076	0.331679025605	0.519775486571
705	0.879225888432	0.190965375076	0.0462487790646	0.339007719374	0.55489063165
704	0.863661706469	0.191886207782	0.0471234072756	0.354163129495	0.563363907998
707	0.880853543105	0.16155002748	0.0383549917146	0.278208212378	0.457667431738
706	0.875414443742	0.184783709689	0.0454593884096	0.295752434004	0.553533967897
709	0.881013275311	0.181619190515	0.0400485750415	0.306554733209	0.524468548615
708	0.903911375774	0.17664652098	0.0439540950859	0.294928814436	0.526381637394
711	0.928919392725	0.178277161722	0.0427630495422	0.280591607928	0.484847634871
710	0.920313564181	0.167520018011	0.0382862331063	0.276726281246	0.441449504958
728	0.971003067581	0.271440465426	0.0673798525957	0.541141957599	0.684893767195
729	0.971273638014	0.254156345342	0.0628119476374	0.499654289688	0.64208961247
730	0.969018283556	0.24407973931	0.0594447621836	0.50490208562	0.60432207018
731	0.966440716264	0.210763500502	0.05271359632	0.44709726078	0.558607400512
732	0.918989892098	0.19974945083	0.042598984927	0.371076446324	0.519395670873
733	0.905578304797	0.233220683861	0.0548177021143	0.440194310626	0.610663968492
734	0.936668581094	0.244053501215	0.0624520985404	0.475335576425	0.650577733599
735	0.898842954131	0.226429859308	0.0571063665036	0.450399758055	0.624191994532
720	0.84223580321	0.192650864954	0.0476730781129	0.314915048662	0.56879503566
721	0.844687579966	0.183091488626	0.0444841985384	0.293709097021	0.489276503346
722	0.86247291923	0.207326019026	0.0482387119216	0.337181063158	0.542274522522
723	0.839820053808	0.213529947202	0.0491553568778	0.350348708833	0.577640861783
724	0.833207956758	0.20791006488	0.0479461128493	0.355845491086	0.562395994764
725	0.848223078224	0.21089401715	0.0503793323336	0.358177499383	0.590947165352
726	0.830048825564	0.235697120288	0.0532977789068	0.429871472909	0.608746376329
727	0.863072043556	0.246028834193	0.0561626574582	0.475676116117	0.646658513631
821	0.854672816891	0.180997227921	0.0399245483933	0.274245101296	0.533592269001
820	0.851970908139	0.173173423053	0.0331045821365	0.293813929209	0.429779113809
823	0.857138977072	0.207057413838	0.0531279842287	0.386826959589	0.60018438802
822	0.853487260998	0.178029712761	0.0411071037744	0.259330748283	0.527238924744
817	0.805310848435	0.168728061605	0.0327195138895	0.286331884326	0.458902031816
816	0.819306624911	0.158520161739	0.0333451862684	0.278502067934	0.465691013945
819	0.84990072744	0.158936555435	0.0308584608821	0.260295811272	0.435866327321
818	0.814704304321	0.163667218817	0.0320974377632	0.312440539892	0.457358497659
829	0.866765377408	0.231387966128	0.0605877734723	0.448841773103	0.663951599634
828	0.922498795611	0.24049695791	0.0669680350731	0.509960335971	0.677820221895
831	0.882977834404	0.19857602126	0.0478237882587	0.36226434255	0.54377007661
830	0.877575178534	0.211858465634	0.0543301100651	0.428261900762	0.612748753646
825	0.827489757383	0.198720052229	0.0486631744184	0.374070538243	0.579230082668
824	0.884348232668	0.205909592558	0.0519139127328	0.395256176111	0.591460763989
827	0.90328396388	0.220075968357	0.0585351805015	0.441985247291	0.655153127322
826	0.841894468376	0.212862867886	0.0496057288511	0.41214871543	0.575886727998
804	0.898187621369	0.195241727562	0.0471987045868	0.336729520616	0.549543957934
805	0.835456497845	0.191151114812	0.0463577925772	0.338334095662	0.548925697061
806	0.840350623658	0.16776091593	0.037541795309	0.278530009163	0.496080864022
807	0.878449378361	0.171072659379	0.0409318659672	0.290011648799	0.486793641381
800	0.940802784018	0.241683813966	0.0723802237686	0.520335430213	0.69273728581
801	0.890467791176	0.197894417036	0.0496511065587	0.358887078091	0.581129570484
802	0.897971406096	0.192485257974	0.0477255310277	0.365796005878	0.563872587158
803	0.898600995037	0.193019605736	0.044833929699	0.329091719485	0.549628792144
812	0.779931427356	0.171006503294	0.031901270451	0.26444573161	0.475843846997
813	0.776828546569	0.165530999585	0.0291713894612	0.263099138101	0.419062427207
814	0.860030123367	0.170234738339	0.0341654265442	0.283415248301	0.470097315791
815	0.829680622858	0.158789461491	0.0336076942598	0.260985231386	0.476962847024
808	0.790300345622	0.149349265502	0.0257995049889	0.236029449339	0.39655243057
809	0.759470782282	0.132414484396	0.01898057685	0.198598861038	0.304674743461
810	0.749825413225	0.178046191105	0.0373003060569	0.315382436708	0.504255957494
811	0.756596090885	0.169744973418	0.0323839926777	0.296320864174	0.453089695994
791	0.906321943156	0.158097551501	0.0433487241424	0.252182587017	0.422324496521
790	0.908103577142	0.164102026961	0.0359729247463	0.29322120599	0.415397422024
789	0.73435803663	0.16856096178	0.0318589591611	0.322503759238	0.426472913081
788	0.757959766879	0.173725877836	0.0322123328377	0.250730181932	0.455953585765
787	0.779829876909	0.183678944637	0.0334924651815	0.289351443436	0.48123405528
786	0.778511929603	0.182734325117	0.033720178198	0.310545137992	0.480617355742
785	0.802615290916	0.17163098413	0.031491643097	0.298978909634	0.439837097707
784	0.859745768129	0.195264930035	0.0397351269679	0.321830899359	0.4839191682
799	0.915271315766	0.21473335847	0.0625920124589	0.434219222552	0.613101800347
798	0.907891887466	0.221620356428	0.0667133465611	0.478716335004	0.638097823385
797	0.950584401413	0.178035553993	0.0538160514256	0.315473876963	0.53843176195
796	0.952563464329	0.160938871595	0.0496930496709	0.238413647257	0.485299125917
795	0.952958753407	0.152987842209	0.0506467844324	0.20320566129	0.547462873061
794	0.901018569483	0.153680877708	0.0446521586781	0.190815327919	0.485244341835
793	0.911194857834	0.157353511485	0.0462842708136	0.200162659066	0.496860637948
792	0.908172321645	0.166028678655	0.0463201524205	0.296511368103	0.47859227557
774	0.90873119792	0.234559702383	0.0627587607665	0.440282232979	0.643870413707
775	0.865710001731	0.212574520806	0.0496157663462	0.367658093514	0.62084134949
772	0.894648609279	0.230047096686	0.0640509330435	0.436708518078	0.664002988141
773	0.897397376832	0.228916960319	0.0599856516968	0.433547009761	0.637102659442
770	0.94832146787	0.206009176664	0.0524641214084	0.374417302467	0.551525698188
771	0.933327795953	0.221534184121	0.0612216784405	0.411156813929	0.61830072919
768	0.907225334035	0.215662704341	0.0566873687306	0.372530870353	0.636371777015
769	0.900208494976	0.21012413901	0.0534333194405	0.376498173891	0.544337895958
782	0.851861683491	0.197547717951	0.0423536838591	0.350787398979	0.517332755968
783	0.860554435771	0.210490826074	0.0476925420179	0.401263363655	0.560040287737
780	0.860963866855	0.19968705213	0.0472104726502	0.364413439289	0.570245583875
781	0.84980624703	0.199047058004	0.0409019567708	0.37937961868	0.528352848592
778	0.856474123119	0.161987948945	0.036645798288	0.264643772607	0.494236562801
779	0.855691505965	0.185714862372	0.0445008459939	0.328258680916	0.570593678278
776	0.871347515821	0.209440983406	0.0525399823944	0.377888397314	0.617626408311
777	0.861806319639	0.194139587784	0.0467053847221	0.338482291793	0.583950811287
881	0.760662561131	0.140529893346	0.0325054148988	0.22364182606	0.384350484727
880	0.73961356387	0.134205298005	0.030596694317	0.1838903413	0.392313945319
883	0.775690167292	0.14637807371	0.0348105726366	0.260796448625	0.411703116473
882	0.778016730425	0.151106432293	0.0364269402696	0.256131425911	0.438210695299
885	0.853743412412	0.194225663028	0.0445624100772	0.343723664027	0.561298575551
884	0.794763862735	0.184344404971	0.044956622492	0.340723294436	0.565260053258
887	0.909952552334	0.205956798571	0.0489972783429	0.336063264657	0.5850434178
886	0.791655446119	0.17948967884	0.0412237854451	0.32658946597	0.547949753856
889	0.915453101099	0.195469317926	0.0448108502152	0.343493019642	0.572836806651
888	0.913859417416	0.200062222289	0.0462019059672	0.348699358484	0.565826428366
891	0.875477375353	0.202152953828	0.0481853697264	0.373108799396	0.576164269284
890	0.891936766496	0.180859910642	0.0381909790865	0.290448484445	0.448958191515
893	0.867509585551	0.172794752476	0.0394793714893	0.285268838515	0.454526233296
892	0.869917753644	0.178128540313	0.0398951089343	0.340674089035	0.472922865828
895	0.91737538816	0.181348934169	0.0503801678831	0.279945446559	0.554266660026
894	0.913526981592	0.181238293633	0.0482313592064	0.323448222854	0.53407693843
864	0.821043465864	0.121359839824	0.0210640741857	0.161458194139	0.281661177645
865	0.850625635738	0.142877218861	0.0297346002844	0.209815953903	0.392392706038
866	0.849985476467	0.141413835988	0.0281361213663	0.208551581343	0.366230550967
867	0.846439689951	0.149870810188	0.0311721297299	0.243908862133	0.385057403847
868	0.84948491961	0.154430039607	0.0353311902103	0.252507828353	0.4041041161
869	0.84711380466	0.153731620917	0.0370352706733	0.263422179938	0.459413326909
870	0.84815431586	0.153131619882	0.0381259910691	0.224672166824	0.461740879546
871	0.866074698548	0.153848972499	0.0393716590718	0.24433295514	0.455531658664
872	0.866005748315	0.142559566113	0.0338480284722	0.23033632958	0.43402336384
873	0.803373048523	0.13784123173	0.0292252484551	0.209856629887	0.417977757054
874	0.943702563612	0.174913790591	0.0456825869098	0.320952669671	0.4853193706
875	0.877919973845	0.126381518647	0.02535731368	0.195894009001	0.335541006406
876	0.889635354981	0.132460381972	0.028599009227	0.192411710994	0.348078555753
877	0.738406967159	0.125126309678	0.0236735118036	0.214610408846	0.339322691912
878	0.749249222679	0.133274203692	0.0243459813528	0.270841967522	0.342124164445
879	0.734505217619	0.113879830466	0.0207280809951	0.175178410301	0.342627687198
851	0.828697985002	0.17188838971	0.0453934876963	0.286218082122	0.594062795339
850	0.935315376861	0.207694662032	0.0550592834172	0.357115434849	0.616352643698
849	0.931380229696	0.205397963571	0.0550381669309	0.34862110248	0.627606902326
848	0.931745923071	0.233777142972	0.0689707522766	0.437900711766	0.757796905055
855	0.853576469727	0.163453708972	0.0449939518372	0.225843979455	0.552570555583
854	0.840380983231	0.170592714308	0.0443206622992	0.267043215899	0.521418133784
853	0.843440714743	0.168868968389	0.0441516865031	0.278002971857	0.503718182383
852	0.84097245867	0.177639702792	0.0460038399029	0.31406722124	0.587197537964
859	0.760628764826	0.12070445119	0.021374472162	0.191915488448	0.292604504343
858	0.80652507628	0.120671094311	0.0216981881553	0.185243102018	0.29687139696
857	0.62028898261	0.112125235293	0.0161877733023	0.16668261452	0.268099142474
856	0.847475390756	0.161423329472	0.041708164467	0.228657255959	0.559024016761
863	0.800899595856	0.121177382698	0.0181513920348	0.174216799624	0.30009040249
862	0.821506394342	0.123372788942	0.0182334293135	0.182763910395	0.301381822473
861	0.680556918549	0.125086089669	0.0179901950874	0.213012382058	0.289551886577
860	0.726069050247	0.119713422681	0.0200398303785	0.18035412832	0.302916256478
834	0.867835217778	0.174127818443	0.0401987217326	0.27540420155	0.492324660258
835	0.90733356588	0.204693154531	0.0590156424247	0.348293698085	0.622143202076
832	0.893098740929	0.19338150763	0.0459683229343	0.337393955207	0.533847587415
833	0.882428295088	0.167877859038	0.0379936527114	0.268647481092	0.474991636366
838	0.879924214298	0.166489560327	0.0354705821977	0.269725452929	0.417268870294
839	0.884280129661	0.169567936766	0.0411602702769	0.273992534531	0.469653432839
836	0.850745740755	0.174079644606	0.0415645031431	0.295647938489	0.459817611837
837	0.810933244852	0.160301595728	0.0342275067506	0.257097477677	0.352414532937
842	0.930682552075	0.186223714581	0.0444487729641	0.358679936368	0.520700351499
843	0.967636879408	0.207010672297	0.062140222643	0.42474905556	0.629098005557
840	0.880291541638	0.164421232172	0.0384135956229	0.267648774001	0.471179397717
841	0.879033204562	0.183633085455	0.0438022461677	0.340040732096	0.50004818606
846	0.935354394434	0.208128114712	0.0539641482208	0.366441632684	0.600182736338
847	0.935283038593	0.244344700574	0.0744097513451	0.543629920447	0.764614686406
844	0.96630041984	0.211372371147	0.0585166820338	0.456336162526	0.61814580232
845	0.934635526905	0.21785223746	0.0640521682082	0.474417517656	0.633637593616
956	0.897837168283	0.127919693934	0.0245132120579	0.216270777385	0.277751220081
957	0.895569671483	0.1293760078	0.0303899761077	0.222235983329	0.348435968725
958	0.864314019379	0.11858617897	0.0259356730492	0.1654339207	0.29682769803
959	0.825159426291	0.119275951615	0.022696210161	0.173446395399	0.273113897254
952	0.790241665958	0.116345184206	0.0215782433999	0.190756528105	0.252838879439
953	0.892935871308	0.113509246046	0.0240026358557	0.184291162629	0.242388841227
954	0.904250945776	0.118239074154	0.0245668594114	0.185998017256	0.256149038872
955	0.901776534028	0.112673633683	0.0204899438352	0.183856802414	0.246030944732
948	0.88021641205	0.127371539563	0.0261091194551	0.201625040246	0.304517911818
949	0.712474350427	0.117794535333	0.0187612889551	0.205305096231	0.280344217555
950	0.779769846253	0.124204222859	0.0212418228711	0.196785798673	0.284042170395
951	0.870099811705	0.134058842718	0.0289297678613	0.20298959166	0.330499097975
944	0.877209505457	0.158389454389	0.0403544860099	0.255390992219	0.431248747169
945	0.757205196439	0.127313806104	0.0250118780473	0.21742945401	0.327500787672
946	0.746823957938	0.141329109299	0.0277001578193	0.259023222847	0.35570341264
947	0.749737630483	0.12635504927	0.0239057981435	0.196625434042	0.296857601853
941	0.84863793907	0.174598196418	0.0479728846691	0.330752988576	0.549336442427
940	0.845109747502	0.167880866757	0.0462202489697	0.315251201227	0.501247239088
943	0.87229232278	0.160701943924	0.0423644621534	0.263633463073	0.409089712813
942	0.868702160489	0.149600117464	0.0405153666313	0.244423920518	0.394739143457
937	0.835385395009	0.149089786433	0.0396073777464	0.248453636028	0.399814832082
936	0.854221909384	0.118451787824	0.0348764509049	0.159973453061	0.301853296689
939	0.845923695902	0.16172062244	0.0444898438174	0.282945069223	0.468509721532
938	0.83901512715	0.152057688505	0.0390941229127	0.268871052911	0.396596588069
933	0.759253427956	0.101869596341	0.0206855479321	0.135854604144	0.241128651058
932	0.782263148556	0.116906676014	0.027645100748	0.148337951309	0.390237951012
935	0.853907925767	0.117489364981	0.0334009734727	0.161341117442	0.293240871899
934	0.754817806017	0.0933558164448	0.0166688523722	0.126954678514	0.236640206304
929	0.744512268216	0.100679445417	0.0173765887279	0.153485805187	0.264218116467
928	0.731720800704	0.100244040383	0.0170080931086	0.154134004131	0.276703231076
931	0.783771402102	0.10419914464	0.0216903410337	0.147742456332	0.261490772481
930	0.74801613574	0.0971992038196	0.0159153624876	0.147740227174	0.258210792004
926	0.911834238612	0.15454200318	0.0383510822743	0.263284156145	0.44211790279
927	0.914409481741	0.134320905399	0.032378003679	0.224185477973	0.372452736143
924	0.907530272532	0.175387333178	0.0465410876783	0.324567991448	0.516663899155
925	0.913235081083	0.178207866066	0.0440642888075	0.339497375458	0.511144010769
922	0.913584594717	0.155714265778	0.0419815063978	0.255287130354	0.506591612668
923	0.910603423929	0.15488494571	0.0406181362523	0.266697228681	0.482395830793
920	0.940546651798	0.165770715397	0.0414122572248	0.259300708687	0.551861897485
921	0.930303295956	0.168394976263	0.0423556367653	0.288801952781	0.528464280365
918	0.92490264575	0.184917658174	0.0408002361207	0.32541720688	0.533896049212
919	0.920792176743	0.176134210209	0.041092175238	0.273109545363	0.537599418631
916	0.699348972926	0.138700372372	0.0217857332204	0.227826857762	0.336726401409
917	0.839869531324	0.154845398889	0.0277218613879	0.255493801267	0.421255824436
914	0.835147104937	0.135221063485	0.0248326059369	0.213227270441	0.341648309189
915	0.632154440271	0.124575122393	0.01594003191	0.201978013758	0.291555737097
912	0.769657716599	0.148241232056	0.025791572882	0.263648819269	0.391625410795
913	0.770429655512	0.127854528825	0.0206003752869	0.184935417636	0.349289530518
911	0.737157953963	0.135402547284	0.0222045241188	0.214204980732	0.337969787828
910	0.733886273546	0.146337808863	0.0237659806068	0.263877517392	0.338213363512
909	0.76683363815	0.161580857346	0.0298374057863	0.300678486329	0.396248182039
908	0.778544776026	0.155761430599	0.0274661806509	0.259210295363	0.418333359711
907	0.800157261819	0.143993591123	0.0239244264469	0.244379073335	0.355820716069
906	0.791355379698	0.146559156195	0.0243235833579	0.233369528416	0.344613743476
905	0.790897558113	0.147517176486	0.0251963474103	0.232240243268	0.385456946871
904	0.795872480858	0.16218367559	0.0339917677227	0.272272341598	0.442080990278
903	0.895809764964	0.1882785414	0.0470392995721	0.368071134227	0.514915282705
902	0.892794866557	0.194763137205	0.0475483282217	0.390194487777	0.531842747708
901	0.882057657096	0.184927624605	0.0443813030129	0.33721071401	0.509485057778
900	0.928073841636	0.174467522645	0.0450399630291	0.331262299106	0.520993726927
899	0.925998239344	0.176402766739	0.043762258181	0.334864649653	0.522995208409
898	0.920991631745	0.184479491927	0.0490174943086	0.350604474674	0.536958712006
897	0.921016112637	0.176590931751	0.0466065783112	0.322138755532	0.542292974381
896	0.918353231423	0.168293384416	0.0439061718112	0.308799695529	0.52013257768
1016	0.749973656129	0.149027043916	0.0274482309974	0.316072933116	0.397984289355
1017	0.750067237571	0.150682240333	0.0271380306932	0.301128714336	0.391560515097
1018	0.747670340589	0.132767543446	0.0227347622385	0.280128407398	0.352818949143
1019	0.760740201334	0.128323037605	0.0232664303775	0.246030730165	0.363339089112
1020	0.759142404065	0.121086602395	0.0214809543098	0.217384007347	0.369879309511
1021	0.86358432439	0.137573206689	0.0288729290719	0.248511499207	0.416211446963
1022	0.706461334156	0.104210833151	0.0193043902872	0.172128009961	0.288803644454
1023	0.695150841973	0.0853984106383	0.0123196266841	0.151228643886	0.229172868692
1008	0.744361519788	0.121765446723	0.0243941853068	0.19753788961	0.367690339748
1009	0.745100718921	0.127945842058	0.0253925601299	0.231223653178	0.389645937692
1010	0.738209809635	0.124335263219	0.0240355455097	0.198375323077	0.351426754933
1011	0.693546412487	0.119289318829	0.0226748452437	0.207162961603	0.349262547508
1012	0.607490097273	0.130831406799	0.021993783876	0.266986152881	0.369681850682
1013	0.799124863986	0.144050285464	0.0265226233232	0.29157610336	0.388730615074
1014	0.787570739477	0.151826490898	0.0265494836706	0.30076503326	0.40717887582
1015	0.770333224682	0.151793520802	0.0251364526889	0.294612594512	0.392725839422
1001	0.849676464295	0.162692112158	0.034936363347	0.306492494785	0.414722264622
1000	0.856738706186	0.161747843216	0.0360824313301	0.307785440163	0.421228155685
1003	0.840008767934	0.150600436844	0.0329065065359	0.258745812945	0.377081188418
1002	0.838745829639	0.165081914453	0.0371752689784	0.322297716831	0.42364357914
1005	0.821879937999	0.158061098439	0.0395247490707	0.310410034928	0.456117280125
1004	0.801901174534	0.1540372767	0.0370368136523	0.263870986167	0.453019264294
1007	0.852278106974	0.103541252798	0.024826713308	0.135095738989	0.262974323256
1006	0.849091962713	0.144038697283	0.0339246291532	0.246893905402	0.419551232781
993	0.882085501813	0.152316502552	0.0439491278295	0.263586921696	0.52333660589
992	0.865567479334	0.135432320569	0.037087046014	0.230038737809	0.482328480978
995	0.887485358097	0.153447272619	0.0414660749965	0.314659743328	0.475321313792
994	0.889162405355	0.138305419136	0.0396945109535	0.211642092066	0.488158188796
997	0.912965966693	0.156767905967	0.0370297405808	0.297808682121	0.430926448365
996	0.89062563168	0.121048610554	0.0274464278853	0.193435975439	0.355728389214
999	0.874733573168	0.162835697647	0.0375037350808	0.315949472814	0.416483179923
998	0.886179367948	0.160554910514	0.0348437737431	0.327047976399	0.42052229261
986	0.82355704677	0.134305901344	0.0298959113282	0.216671441824	0.371657937654
987	0.827913075926	0.126798204693	0.0275249398423	0.205860512364	0.35022348183
984	0.791575381426	0.121101175474	0.0230753546063	0.188521683171	0.342531183458
985	0.760757037314	0.131411658628	0.0246065779419	0.208744293153	0.36184112421
990	0.853181549762	0.143883484366	0.0394277517555	0.26164426921	0.486539971559
991	0.849141373383	0.142032748602	0.0394053582523	0.265980241682	0.493912174587
988	0.836177510787	0.144771070978	0.0386859722787	0.239892624104	0.486079753887
989	0.844852826566	0.143564135435	0.0401219959636	0.255010141801	0.47896009656
978	0.83880153326	0.132886150743	0.027670080788	0.223775498692	0.360699406834
979	0.853091785015	0.134637297523	0.0270725611999	0.230614739658	0.362782931731
976	0.750249070731	0.116539113995	0.0248429130824	0.172361678093	0.292434804493
977	0.827388416005	0.130007592746	0.0286041293092	0.200258275838	0.345508061833
982	0.788986704088	0.120507080281	0.0254598062603	0.188712146073	0.329273429593
983	0.79818908082	0.123355762884	0.0248089751125	0.192091913399	0.340011798004
980	0.849526275712	0.131750059025	0.0270267683638	0.210489239138	0.349983653008
981	0.840648481215	0.116270544048	0.0236874114977	0.169875998377	0.33276676054
971	0.74002111654	0.173369431712	0.0346148999879	0.286079871918	0.498755977986
970	0.779144952804	0.159723609307	0.0345315654738	0.256084496431	0.496933586199
969	0.832774366962	0.158115464258	0.0355029494309	0.245237518762	0.473378131992
968	0.824609966742	0.179534401979	0.0393843522314	0.325610250039	0.488949140746
975	0.788282425453	0.129594329981	0.0299214851984	0.200914584888	0.348253675392
974	0.748096790271	0.154330735899	0.0359682347147	0.250822444814	0.46659302382
973	0.777612640613	0.171818915024	0.0433119390842	0.333091901632	0.513505899034
972	0.797930700966	0.174820787602	0.0378172031832	0.282821948764	0.511865937517
963	0.764449581274	0.148241554408	0.0294956001277	0.241937059198	0.430039539796
962	0.836026334459	0.135442120556	0.035159941208	0.225050682446	0.389002475176
961	0.780517062371	0.13155066798	0.0320011894901	0.199620559408	0.374037843353
960	0.759442726166	0.112585387975	0.0212491932867	0.179100131378	0.274389906767
967	0.80546717428	0.164906718593	0.0334977033881	0.27255604243	0.46978105674
966	0.812519769583	0.162434514886	0.0339779469881	0.261796090272	0.464618455622
965	0.740371500379	0.152009302126	0.0273026464099	0.225563886618	0.422685949642
964	0.737987157383	0.15001061389	0.0293201279702	0.234639553085	0.448486291648
