Engine started up
Pred.Date	MaxError	MeanError	ErrorVariance	Q80%	Q90%
2010-12-14	0.272068125269	0.0505456021002	0.002411185258	0.0633487728337	0.137911979358
2010-12-13	0.0809810625833	0.0231380363529	0.000352338655267	0.033483795431	0.0542820983855
2010-12-10	0.126119835433	0.0254750120451	0.00138347888904	0.0480095114132	0.0936547619487
2011-4-8	0.047155227969	0.0134365490604	0.000110439813847	0.0240612311484	0.027796127566
2011-2-28	0.0516424189115	0.0147114269339	0.000150967592057	0.0273388955368	0.0353251960733
2011-4-1	0.0777469148252	0.0225683218909	0.000415969216865	0.0407764910743	0.055758317596
2011-2-21	0.110050059817	0.0090600746792	0.000139071321657	0.0105005880738	0.0143183847312
2011-2-23	0.104277741783	0.018570774574	0.000426275211119	0.0401085690904	0.0535840313465
2011-2-22	0.0900031119221	0.0164033775405	0.000521686937476	0.0272713271473	0.0497861357972
2011-4-5	0.174208029209	0.0377976565675	0.00276370483496	0.0857427128045	0.143462317844
2011-2-25	0.184905932883	0.041322823894	0.00331627913076	0.0810772014384	0.16189871275
2011-4-4	0.19993804381	0.0448743333373	0.00230922441568	0.0945819975573	0.110184203527
2011-2-24	0.0803284923771	0.0252393342901	0.000389423760977	0.0443909031805	0.0521497570543
2011-4-7	0.0505970159815	0.0118470155952	0.000202271778683	0.0220965977261	0.0403968888701
2011-4-6	0.0183405084139	0.00414711936202	1.35140611838e-05	0.00707010236809	0.0108492349374
2011-3-8	0.0565782421423	0.0153571689636	0.000218447958641	0.0377832715669	0.0403267379198
2010-12-23	0.0262429090565	0.00941885721161	3.87857439408e-05	0.0159591325499	0.0189638681278
2011-3-7	0.0824239586542	0.022509826745	0.00075407832233	0.0580521385559	0.065437648387
2010-12-22	0.0546204096519	0.00990527494979	0.000141763287243	0.0212717988956	0.0247320146888
2011-3-2	0.0767685916545	0.0162839254012	0.000159650571149	0.0264597416542	0.0305766566025
2010-12-21	0.312876611618	0.035023443271	0.00195485569464	0.0330426339157	0.0711113251445
2011-3-1	0.13072256073	0.0130653380126	0.000219015946117	0.0236810344017	0.0259043041188
2010-12-20	0.459958948608	0.0940092946857	0.0171910483394	0.199504290344	0.292772677276
2011-3-4	0.0399875582734	0.0121210301115	0.000145644441507	0.02532114173	0.0329009356888
2011-2-1	0.0433170814406	0.00431130918785	2.07212300652e-05	0.00591681473351	0.00830949814162
2011-3-3	0.116423788957	0.0383915644451	0.000677798096375	0.0525258936983	0.0636603550335
2011-2-3	0.0823478307446	0.0268036284829	0.000886066770737	0.072016398891	0.0754728805062
2011-2-2	0.0530377911245	0.0069952188094	6.56983483375e-05	0.00960720320023	0.0111369943989
2011-2-4	0.115094123201	0.0143041692675	0.000228181328755	0.0199036454827	0.0300078887284
2011-2-7	0.049419497045	0.013188346226	0.000303258589397	0.0400299646248	0.0458083924723
2011-2-9	0.0345020601346	0.00762114337023	4.53267030014e-05	0.0117964894276	0.0153419896626
2011-2-8	0.0198592789851	0.00430160459784	5.89939521268e-06	0.00596094423393	0.00811391640915
2011-3-9	0.081301261037	0.0147535389545	0.000135033640328	0.0177165276832	0.0233802573291
2010-12-17	0.279545275066	0.0265193186228	0.00101019031375	0.0601511664855	0.072563339621
2010-12-15	0.041354079128	0.0118476426179	5.80829148803e-05	0.0161562827669	0.0208462314024
2010-12-16	0.281958492886	0.0401684666167	0.00174577428677	0.0557551639964	0.0877263624372
2010-10-8	0.335046598122	0.0651865655816	0.0045683406668	0.132886837743	0.173612924709
2010-10-7	0.342929367971	0.0591713648068	0.00431549254015	0.0744652010614	0.154529128713
2010-10-6	0.0582101433848	0.0146539489224	0.000169381182524	0.0251137885634	0.0337346393066
2010-10-5	0.0289997069393	0.00990701296837	3.64327023694e-05	0.0155957830628	0.0183516300825
2010-10-4	0.130875392728	0.0148761999823	0.000173379336882	0.0191700525886	0.0312951009637
2011-1-21	0.224372288261	0.0314235789711	0.00095374251871	0.0384341400717	0.0537877939305
2011-1-20	0.0458290096099	0.00901538228751	4.57960905144e-05	0.0162198488348	0.0185740920924
2011-1-26	0.0363595446794	0.0120861117417	9.40638038847e-05	0.0204596299641	0.0321691050216
2011-1-25	0.10323545581	0.0289402123172	0.000984906483379	0.0682378904309	0.0791680567279
2011-1-24	0.18022149295	0.0379036726346	0.00176285372624	0.0661198063013	0.0898825210652
2011-1-27	0.0494722221323	0.00892948415475	5.6194079863e-05	0.0176736279982	0.0198247678474
2011-1-28	0.0362806310543	0.00656047370654	5.61250120629e-05	0.0101929271212	0.0157795600247
2011-4-19	0.196489118419	0.0544449739536	0.00240799925929	0.0798646693176	0.126413875259
2010-11-12	0.0387217779922	0.0172563146359	7.24608518434e-05	0.0248128250228	0.0272980857323
2010-11-11	0.184450001814	0.035446880027	0.000667394114037	0.052665903063	0.0615207895895
2010-11-10	0.0979833314554	0.0362824081079	0.00106018891356	0.0635972702035	0.0874972634938
2011-1-11	0.0624836103579	0.0202551659898	0.000181470348892	0.0324963918009	0.0398710604875
2011-1-10	0.193406899675	0.0287892117267	0.00082399086662	0.0330810880529	0.0453552158363
2011-1-13	0.118017329514	0.0321766058704	0.00199182619944	0.103205093883	0.108385811405
2011-1-12	0.118521133274	0.0273646070425	0.000757432961358	0.0463308711253	0.0691171276685
2011-2-17	0.0238616480608	0.00618755445658	2.54140407094e-05	0.0101886210861	0.012968271358
2011-2-18	0.145698153908	0.0295817775492	0.00192063710654	0.0837702006776	0.095002661761
2011-1-14	0.0861456263131	0.0197917525932	0.000594445169169	0.0547494032732	0.0608449603853
2010-12-3	0.41008782132	0.153637138205	0.0201035579686	0.304294194649	0.359308991243
2011-2-16	0.0534022714127	0.0111176390641	6.49615749525e-05	0.0176479955004	0.0189409960856
2010-12-2	0.151423163688	0.0257980999512	0.000944643779503	0.0497321502908	0.057814908624
2011-1-17	0.0762409716402	0.0243168117586	0.000428167786489	0.0375451337101	0.063485466675
2011-2-15	0.294125929959	0.0722270293556	0.0100335937879	0.19430701143	0.273146698356
2010-12-1	0.0292328184881	0.00847964381302	2.56506471081e-05	0.0112894173221	0.0159701264422
2011-1-18	0.0416912514029	0.00976883778653	7.78875577972e-05	0.0171672768763	0.0229965702202
2011-2-14	0.0661201459891	0.0193720514214	0.000584840349846	0.0572658463876	0.0607119981545
2011-1-19	0.0547726510859	0.0147007505087	0.000198221968102	0.0221150098348	0.0421556022384
2011-2-11	0.0601077045188	0.00657319765391	3.51645514049e-05	0.0100923176565	0.0110593824631
2011-2-10	0.0137074012627	0.0022734511627	2.7361961926e-06	0.00321609818969	0.00450543370896
2011-4-12	0.0185260189452	0.00534924941435	2.25196968108e-05	0.0101085031955	0.0127137886841
2011-4-11	0.0819953561912	0.016069368709	0.000188588386854	0.0328055905761	0.0378265178655
2011-4-14	0.127372362852	0.026675155698	0.00171050998498	0.0697047865104	0.105503609448
2010-12-9	0.792278158281	0.0194887621369	0.00132728080249	0.0379379420023	0.0484740309849
2011-4-13	0.0407191113842	0.00717104707524	5.02781836377e-05	0.0135270876733	0.0157199325512
2010-12-8	0.0788274803982	0.016863421155	0.000343179752971	0.037732076353	0.04315919928
2010-12-7	0.936389637166	0.0232387408027	0.00177905665907	0.0313861731304	0.0347317945955
2011-4-15	0.0895272457746	0.0203308362237	0.000778497550889	0.0447103261315	0.0746608713234
2010-12-6	0.184378378441	0.0401074636295	0.00290374938415	0.110982743175	0.136013128783
2011-4-18	0.282037680676	0.0665614263841	0.00913823773485	0.180471835847	0.240640968401
2011-3-29	0.0879112225525	0.00498557631382	0.000105477222463	0.00444830510089	0.0062969732937
2011-3-28	0.0475083459322	0.0176644252676	0.000172165248401	0.0324576987247	0.0349254571684
2010-10-25	0.184940649368	0.0248770059631	0.000716330325374	0.0402753137745	0.0440591911112
2010-10-27	0.100051141111	0.0255482248289	0.000231481883082	0.0353483082399	0.0422657276932
2011-3-25	0.156883035158	0.0409289137495	0.0015594505507	0.0682111622044	0.084715052622
2010-10-26	0.088444400681	0.0371230577963	0.000483880505728	0.0562781642323	0.0666555510952
2011-3-24	0.0442954361447	0.0123716682059	0.000121647704034	0.0206119687713	0.0282329497805
2010-10-29	0.444984536534	0.0716705200817	0.0143312955014	0.0809853803356	0.299929597037
2011-3-23	0.124620238446	0.0194689354183	0.00042918698558	0.0307712385678	0.0378269354544
2010-10-28	0.0683997461527	0.0273711845793	0.000127380895366	0.0351736974129	0.0426856832582
2011-3-22	0.158894914054	0.0275088294138	0.000650382098444	0.040764249785	0.0477095567356
2011-3-21	0.104417908392	0.0134760008787	0.00012624339761	0.0181086637262	0.0217134525479
2011-4-26	0.0215305391665	0.00646315770643	2.97189682925e-05	0.0117137631004	0.0156747779092
2011-3-18	0.162989420337	0.0612235702244	0.00175534179163	0.106050336249	0.12050726278
2011-4-27	0.196989536567	0.0393439484041	0.000602331642153	0.0485816427189	0.0677242813802
2011-4-28	0.0961272023146	0.041602965297	0.000432267642776	0.0599619762418	0.0696959678773
2011-4-29	0.148008123608	0.0292020385304	0.000659024584538	0.0328528946967	0.0479562910966
2011-4-20	0.121970718842	0.0240971611193	0.00091753512198	0.055257280504	0.0621398213078
2011-4-21	0.173292004033	0.0307311671304	0.000709902207915	0.0578818415355	0.0694822761192
2011-1-31	0.117149778715	0.0172124451707	0.000279031717794	0.0217208712116	0.0295624012038
2011-3-15	0.0239755484531	0.00356687168518	8.66831744855e-06	0.00498276098211	0.0059888904379
2011-3-14	0.0797148061102	0.0120650839128	0.000235124524809	0.0255044227734	0.0353961693923
2011-3-17	0.0955456768662	0.0149909243796	0.000260802545352	0.0264722299043	0.041744496015
2011-3-16	0.0443487381033	0.0124596688153	0.000133458040754	0.0207042757352	0.0288406047059
2011-3-11	0.0550936501217	0.0134198615872	5.49826669943e-05	0.0215356379004	0.0232359763598
2011-3-10	0.467396145326	0.0954896227211	0.0228052014421	0.225425760945	0.404794336989
2010-10-11	0.0677707198501	0.0114262420208	9.8997624122e-05	0.0200666248393	0.0236484271918
2010-10-12	0.102537825251	0.0216314105845	0.00053468721248	0.0372500352549	0.062539691358
2010-11-26	0.0534878784964	0.00709550632821	4.7622604563e-05	0.0141767971582	0.0160695065702
2010-11-25	0.271764818198	0.0650957013053	0.00565302846672	0.176938437652	0.183809114904
2010-12-30	0.288492231619	0.0464966873128	0.00456052046876	0.0911884178354	0.134231572389
2010-11-29	0.0403846725807	0.00991276563312	5.65317605702e-05	0.0178556497603	0.023552555607
2010-12-27	0.250399079604	0.0179271049717	0.00114481906889	0.0187175891327	0.0279228542873
2011-1-5	0.0374477797106	0.0078297902148	4.11773089679e-05	0.0119384325455	0.0155928680647
2011-1-6	0.034884281019	0.00725479557366	2.51812190876e-05	0.0107085595545	0.0127223201258
2010-11-30	0.0621280861651	0.0105596210471	0.000109322097563	0.012477278487	0.0173275475919
2010-12-29	0.155772838195	0.033648698751	0.00215602818954	0.0924924397863	0.120984772049
2011-1-3	0.185035907461	0.036810299413	0.00190925686616	0.0574427026301	0.073210596464
2010-12-28	0.329426499562	0.0747646198215	0.0077322388059	0.159269331622	0.227023559358
2011-1-4	0.131303749624	0.0252354991431	0.000798006437268	0.0354516492885	0.0541347091225
2011-1-7	0.0925556018242	0.00883171820718	0.000113279070806	0.0123106132613	0.0144045238109
2010-10-22	0.0483622439815	0.0153968639813	0.000148095734099	0.0284268513704	0.03370999608
2010-10-20	0.383253465775	0.0730198395726	0.00927371461207	0.138307173388	0.250476614275
2010-10-21	0.0788780224339	0.0280530210934	0.000158315088853	0.0336515552489	0.0436614090085
2010-11-17	0.099510681563	0.0228655604201	0.000690322619975	0.0439566847133	0.0700771653513
2010-11-16	0.224750967395	0.0294254374252	0.00169964470464	0.0489000200551	0.077410768741
2010-11-15	0.186009379625	0.0537422149673	0.00214381888989	0.104614224038	0.128410162979
2010-11-19	0.687770602035	0.0760372494671	0.0130398900332	0.0805481405538	0.11465046308
2010-11-18	0.120722039102	0.0446825811254	0.000950763858377	0.0724302581864	0.0908254586537
2010-11-23	0.0590826480485	0.0244856219275	0.000318823246974	0.0408539601913	0.0502436251978
2010-11-3	0.560948427421	0.0948003528503	0.0112435419132	0.0956607694114	0.183736123382
2010-11-24	0.3326192031	0.0436919477723	0.00364332704148	0.101618237309	0.164169482961
2010-11-4	0.128192161268	0.0383028075591	0.000584786209149	0.0510714990092	0.0706821258843
2011-3-31	0.10309999357	0.0196013066511	0.000826045602432	0.0399513811597	0.080070883892
2010-11-1	0.334661727855	0.0490568691509	0.00392040683393	0.0515064035724	0.0803684677356
2011-3-30	0.0447553538011	0.0125543864661	0.000169550680544	0.025533170275	0.0318840267873
2010-11-22	0.565584391452	0.123377978867	0.0245768567179	0.236539240042	0.400727680418
2010-11-2	0.902609084942	0.0123432782551	0.00205868131208	0.0114171451033	0.0181046641975
2010-11-8	0.176628296407	0.0436136919855	0.00105657370831	0.0553451046115	0.0796873806307
2010-10-19	0.183983840733	0.0507206494108	0.00130011942567	0.0711182642877	0.094725205314
2010-10-18	0.210439546034	0.049408549884	0.00186892535884	0.0950781585606	0.115535848686
2010-11-5	0.262875606929	0.0499667836565	0.00263546952195	0.0672603033502	0.109442635723
2010-10-15	0.0957631289235	0.0137436361986	0.000105835428285	0.0197068092905	0.0227661748929
2010-11-9	0.136810845573	0.0414480795746	0.00134180459404	0.0777300160688	0.0948603329976
2010-10-14	0.054985171912	0.0116479072808	4.74486298326e-05	0.015041425116	0.0225928924202
2010-10-13	0.119079198967	0.0223278475545	0.000480464304178	0.0425888648316	0.0479497095559

Pred.Minute	MaxError	MeanError	ErrorVariance	Q80%	Q90%
1032	0.190758909335	0.0153958998249	0.000660063131899	0.0205597788818	0.0324075614864
1033	0.195400662918	0.0149551554065	0.000691851358309	0.0189771604359	0.0332722304875
1034	0.196609005509	0.0147405626426	0.000690646440014	0.0168951948647	0.0323033067445
1035	0.196669566252	0.0135906253071	0.000562846385088	0.0157867629588	0.0287403099377
1036	0.198949462432	0.0132517209019	0.000565903887241	0.0149359570721	0.0282534545948
1037	0.135033921209	0.0121393388776	0.000392565177797	0.0157818260545	0.0278466194242
1038	0.108052119046	0.0108306037581	0.000301370607567	0.0142841994346	0.0248521898837
1039	0.124498049119	0.00938893495871	0.000245933067805	0.0117011854594	0.0200855176293
1024	0.141806786165	0.017736870422	0.000548521260001	0.0259059939006	0.0352375043863
1025	0.163613191908	0.0178084062338	0.000583286542145	0.025249974598	0.0348971935225
1026	0.16722440942	0.0179039244124	0.000600422190539	0.0256034529897	0.0357231556477
1027	0.170765921652	0.0173914071797	0.000616883436564	0.025859920676	0.0348984938252
1028	0.174096418899	0.0170970615892	0.000634676760892	0.0251734789673	0.0352323824459
1029	0.177072691695	0.0167543948889	0.000662835457314	0.0238752533656	0.0353858612016
1030	0.187370678114	0.0167463561749	0.000705822647807	0.0228898286021	0.0340492465221
1031	0.188757372502	0.0156228132876	0.000657281032878	0.0208547885399	0.0312991866319
1049	0.0303152100826	0.00043048190199	6.73260979608e-06	0.000254806306596	0.0004398521324
1048	0.0303890494851	0.000733246316388	7.08091271759e-06	0.000741221186753	0.00125761929054
1051	6.07514322038e-09	1.52444983137e-09	1.4751057648e-18	2.26281080198e-09	3.1725377146e-09
1050	1.34602497367e-05	3.73621664229e-07	1.87123290768e-12	3.58817980118e-07	6.86968204148e-07
1053	6.07514322038e-09	1.52444983137e-09	1.4751057648e-18	2.26281080198e-09	3.1725377146e-09
1052	6.07514322038e-09	1.52444983137e-09	1.4751057648e-18	2.26281080198e-09	3.1725377146e-09
1055	6.07514322038e-09	1.52444983137e-09	1.4751057648e-18	2.26281080198e-09	3.1725377146e-09
1054	6.07514322038e-09	1.52444983137e-09	1.4751057648e-18	2.26281080198e-09	3.1725377146e-09
1041	0.138512467086	0.00829155097513	0.000262548939975	0.00940256732302	0.0181109111095
1040	0.127055921409	0.00863030861058	0.000234487100311	0.0107639624728	0.0189425844078
1043	0.0816942615119	0.00517570083704	0.000105678630809	0.00585274795183	0.0104869452089
1042	0.080430953773	0.00611329025573	0.000139287064211	0.00746972119481	0.0127882494241
1045	0.0851506909025	0.00394804654339	9.34699096524e-05	0.00375317717925	0.00778442298352
1044	0.0833998291379	0.00482413403892	0.000103635604485	0.00488749147427	0.009059708456
1047	0.0417711879595	0.00145462001716	1.92729570209e-05	0.00158563300856	0.00275231907511
1046	0.0402843821029	0.00231745128917	2.9455923114e-05	0.0024824841147	0.00363905234468
373	0.67360974983	0.0541830518126	0.00637424821851	0.0761137003135	0.131769488759
372	0.681234399901	0.055063130641	0.00660558183593	0.0763219259036	0.139838245289
375	0.664534302823	0.0527736436616	0.00636504661598	0.0763545366814	0.126723993837
374	0.670571529905	0.0537140807341	0.00631756962326	0.0755444354508	0.128869862308
369	0.283112552348	0.0475928602665	0.0033032359471	0.0717419400188	0.118169848879
368	0.309556147237	0.0470770728472	0.00317455093953	0.0775391642718	0.107949192726
371	0.687770602035	0.0566996760292	0.00683849700505	0.081301261037	0.153994112288
370	0.278217080764	0.0482087704824	0.00349461628008	0.0789640027217	0.112592441065
381	0.598900797606	0.0486579706196	0.00620293879505	0.065602672997	0.122325714921
380	0.603778653982	0.0501534767503	0.00621799807238	0.0687460554228	0.125394209455
383	0.561395768472	0.0470989896585	0.00590232083647	0.0647917313688	0.117254385072
382	0.571746911339	0.0477609379214	0.00592271871163	0.063270934901	0.116266806058
377	0.657332697829	0.050760702549	0.00627469190523	0.0727193067043	0.123118608778
376	0.666335384992	0.0520846876345	0.00637164905763	0.0750074445035	0.123714289608
379	0.606900020117	0.0491750508737	0.00595120963034	0.0693470308318	0.120608279042
378	0.610291055465	0.050002480754	0.00596412052604	0.0738681651324	0.121673080021
364	0.402215022374	0.0342623331126	0.00280653835127	0.0458290096099	0.0965140802811
365	0.294897352282	0.039758627036	0.00284789815847	0.0551941941513	0.101258471324
366	0.312876611618	0.0410550216551	0.00271831953225	0.0627908186783	0.105549524944
367	0.309472886318	0.0436606988326	0.00278959401361	0.0691236207658	0.0985602120069
361	2.53483308092e-06	2.96706682863e-07	1.41523214171e-13	4.90445543506e-07	7.25255269102e-07
362	0.936389637166	0.0303361836967	0.0158530322654	0.0164394120365	0.0299712765457
363	0.615259980036	0.0332906451961	0.00558806511018	0.031870497013	0.0686314028618
410	0.52458348115	0.0399286715051	0.00564814832384	0.0481561799667	0.105231787464
411	0.522018081884	0.0390530021038	0.00553391095725	0.048532397005	0.0999228264151
408	0.52809345655	0.0411561417602	0.00577137251787	0.0460638138538	0.108005918792
409	0.525785948951	0.0406683334453	0.00571466759564	0.0469607555735	0.106485598346
414	0.511006086743	0.0392477944007	0.0055547591117	0.0439619399305	0.104323601352
415	0.504670006837	0.0388597651259	0.00548901224149	0.0429413209804	0.102989624142
412	0.518543196148	0.0383475737789	0.00544315489276	0.0481297141763	0.0943567291437
413	0.513704395178	0.0415714704822	0.00657973457624	0.0481346363919	0.106032157465
402	0.537411233238	0.0422989105433	0.00628009925667	0.04540792702	0.112987715423
403	0.533860758067	0.0451066105913	0.00698461053316	0.0481968105238	0.114014072119
400	0.543698653677	0.0442327296619	0.00658620065483	0.0481143287561	0.113447091774
401	0.539249266829	0.0430201468051	0.0064017996855	0.0444656649161	0.112225540418
406	0.531169680668	0.0418558977704	0.00576175536286	0.047170496465	0.10750364672
407	0.531854858035	0.041760788087	0.00582407048647	0.0465495866439	0.110945002127
404	0.533648629857	0.0448840495836	0.00696597234169	0.0454034222354	0.115886533069
405	0.533163111994	0.045114794054	0.00695260391978	0.0605094549493	0.113684740864
395	0.476633592395	0.0381980106971	0.00424872762467	0.047761899763	0.0981488164364
394	0.479524409945	0.0388627957118	0.00429759717594	0.048460395742	0.0991575158846
393	0.481381486117	0.0397416674194	0.00435912787727	0.0494818077301	0.104276804506
392	0.488504173164	0.0405246587799	0.00441263499674	0.0516254648889	0.108187815511
399	0.551820896707	0.0451630527502	0.00678550661243	0.0486471723937	0.11599975952
398	0.560948427421	0.0426359144533	0.0062596880128	0.0467148167574	0.10965051014
397	0.471348439879	0.0389486158666	0.00448414033561	0.0471480772905	0.0970354583289
396	0.476132968307	0.0390027486513	0.00452302807416	0.0463652870925	0.101768847682
387	0.51970883846	0.0437383629345	0.00488099235196	0.0609048955504	0.113689531445
386	0.53036181835	0.0442877564015	0.00505216828991	0.0650889683643	0.112762465187
385	0.542232892078	0.0466950171969	0.00594569480097	0.068177023161	0.118043822535
384	0.555308445702	0.0479423655515	0.00620880915147	0.0648228649559	0.119501590006
391	0.49300302615	0.0417487474051	0.00461839048816	0.0499879520257	0.111649886507
390	0.50073419938	0.0424815593104	0.00481059345645	0.0526681352971	0.10415273037
389	0.505987036642	0.0430951175381	0.00484423890406	0.056559775301	0.108766282382
388	0.51112453082	0.0440862433284	0.00494076675595	0.0580973693044	0.111288168232
440	0.565584391452	0.0355225839807	0.00478116408313	0.0509153919133	0.114402002559
441	0.557702593544	0.034848887676	0.00463695382182	0.050569813569	0.0983121410729
442	0.555478574657	0.0345126749558	0.00457111552666	0.0479397227292	0.09808126515
443	0.555143448603	0.0340484572713	0.00447966041655	0.0476152681558	0.0979051963599
444	0.553198073095	0.0337771581064	0.00443252842237	0.047558584461	0.0976905551466
445	0.551601316192	0.0328827720978	0.0042805736232	0.0472641259086	0.091528998513
446	0.547668957695	0.0324319240393	0.00420055281533	0.0469485651295	0.0911649950122
447	0.546231512116	0.0316634142328	0.00408795085158	0.0462244126263	0.0859864604117
432	0.462045229361	0.0367149168504	0.00477627588333	0.0447758187827	0.119990343885
433	0.45729979666	0.035545109131	0.00444299531358	0.0443325073899	0.119496808583
434	0.325809362739	0.0334490534727	0.00332765714021	0.044133549263	0.118367116622
435	0.325656493257	0.0328942963581	0.00321568180871	0.042829747452	0.100552167835
436	0.325156866424	0.0321946059521	0.00307766263923	0.0426387104529	0.099896014118
437	0.322628768106	0.031939729533	0.00299719764413	0.0432021107855	0.0994116813285
438	0.319970251523	0.0316543002288	0.00294805174792	0.042842204545	0.0991059898948
439	0.316108918355	0.03138016679	0.00290027882023	0.042909231428	0.0986998440297
425	0.48760124816	0.0363400037671	0.00501163817543	0.0384802600933	0.0967677335154
424	0.488229869911	0.035772269766	0.00490723543665	0.038282100646	0.0932743782451
427	0.484335888163	0.0353214949299	0.00479936185867	0.0373367585758	0.103005893917
426	0.485561636781	0.0353052759142	0.00480871845287	0.0382157477495	0.0962804665838
429	0.474137136381	0.0344707216658	0.00461265359527	0.0367659412503	0.101646483873
428	0.481357160038	0.0349022399831	0.00471416631415	0.0386143290579	0.102168000828
431	0.470931864572	0.0341703776443	0.00445932022894	0.0424857731284	0.0994524047737
430	0.47302826087	0.0344125756902	0.00449316466553	0.0385852424004	0.0999494212102
417	0.498019183527	0.0388474175251	0.00551799231652	0.0470770476521	0.107729269394
416	0.499044660508	0.0384506223226	0.00542261401944	0.0478089583919	0.0999061492482
419	0.493122676283	0.0383270753157	0.00539263679374	0.0455759443774	0.105034058925
418	0.497558836319	0.0388279558339	0.00548070771004	0.0465945793248	0.106549466832
421	0.491943415744	0.0381488093878	0.00530518282284	0.0495388424594	0.0992582677262
420	0.491817515	0.0378684071003	0.00534910863971	0.0460050680919	0.101508937848
423	0.490076449205	0.0370911023546	0.00511976233179	0.0413325689715	0.0975148470923
422	0.491200888268	0.0377294308737	0.00519630735393	0.0463684629476	0.0993204226757
478	0.447021491149	0.0289987932448	0.00285441989984	0.0440921277517	0.0804406644871
479	0.446031926492	0.0287977390507	0.00283146807089	0.0439082568865	0.079393672229
476	0.465880414213	0.0285949765651	0.00304619174915	0.0381278889099	0.0783421982398
477	0.452731208148	0.0287349023156	0.00292688500355	0.0437555955219	0.0819829691731
474	0.481163679205	0.0288067979478	0.00317019855517	0.0389709333425	0.0793023278604
475	0.473911187348	0.0286678527593	0.00310521693228	0.0382615093656	0.0783286665516
472	0.486552469824	0.028353755698	0.00317923209984	0.0386493055988	0.0759417752423
473	0.484211286832	0.0289409760456	0.00320152213645	0.0397970245576	0.0795438394345
470	0.487987516733	0.0288922320484	0.00326917555225	0.0401177497339	0.0778661953267
471	0.487153173877	0.0286263336815	0.00322190294577	0.0390265847656	0.0767570808188
468	0.494369243936	0.0287858206093	0.00334781618341	0.0406316227132	0.0788198548668
469	0.490260034295	0.0293336737259	0.00331465096427	0.0405448450758	0.0807419676936
466	0.49786358404	0.0292800946472	0.00343065806535	0.0429227304602	0.0795240706764
467	0.496693508635	0.0289668909745	0.00339534642376	0.0420355700895	0.0788359889149
464	0.50587220484	0.0298859119227	0.0035636968111	0.0448183652319	0.0806301266631
465	0.503750239321	0.0295516758843	0.00350303460544	0.0434526388522	0.0798628942036
463	0.508561372302	0.0300504933476	0.00363045879485	0.0453872428838	0.0810992321298
462	0.511090889805	0.0305172698035	0.00369937208263	0.0470718579885	0.0883688947432
461	0.513621130879	0.0306706053797	0.00372584829925	0.0474412613626	0.0887156696468
460	0.514468727222	0.0309376008449	0.00376769620943	0.0499681504944	0.0891227469095
459	0.515735365446	0.0311058758311	0.00378703823217	0.0502052473978	0.0894335705756
458	0.520182601621	0.0313554185965	0.00384384062598	0.0503543575336	0.0896796547469
457	0.521271459147	0.0316010688842	0.00386412908333	0.0506762615707	0.0899460611925
456	0.521688577786	0.0318290277128	0.00389067960321	0.0507367859562	0.0900564335524
455	0.522413806714	0.0320364638644	0.00391612141111	0.0508669529418	0.0912859286842
454	0.522612781487	0.0312096852337	0.00380432087997	0.0503921624746	0.0869654551283
453	0.525302634138	0.0314542162034	0.00385133036595	0.0503936625639	0.0873414687703
452	0.529367047788	0.0311443991408	0.00387761576034	0.0493791484997	0.0874481382061
451	0.533560767326	0.0316395656689	0.00395665902585	0.0493890207334	0.093451230444
450	0.534983432785	0.0313025199255	0.00392453924428	0.0494639642153	0.0891404051323
449	0.53833639867	0.0315464298934	0.00397947892742	0.0494659643327	0.0892610548637
448	0.540005132807	0.0318445111768	0.00402586734143	0.0496965574827	0.0893673307036
508	0.403544260711	0.0255169548914	0.002240306668	0.0317722205467	0.0574316895782
509	0.401181673966	0.0254043686993	0.00222440085641	0.0317559488999	0.0569258673823
510	0.400046690097	0.0257492055368	0.00222287456631	0.0330661760728	0.0613517766641
511	0.399429699746	0.0255932473289	0.00220779989615	0.0328690871464	0.0603569259894
504	0.406166671703	0.0256568025178	0.00230517670266	0.0385170235933	0.0588631902085
505	0.404575554942	0.0258053090381	0.00228616978508	0.0396981190054	0.0586149244965
506	0.404213604088	0.0258040373765	0.00226608282996	0.0395903079353	0.0580123955886
507	0.403723594319	0.0256146901331	0.00225246659429	0.0382932810968	0.057589560073
500	0.408271555256	0.0270092807819	0.00248328598403	0.0397783594012	0.0605094314395
501	0.408079404783	0.0267247498853	0.00245171562754	0.0395156823598	0.0600505658889
502	0.407996366847	0.0265645151409	0.00243371398167	0.0390851694495	0.0593318028351
503	0.407100591232	0.025820701083	0.00232337295327	0.0385789225378	0.0591006116163
496	0.410640690164	0.0258343149477	0.00244781853494	0.0355142359623	0.0569586787688
497	0.409203499596	0.0256429343998	0.00241915476357	0.0353768034356	0.0564646949587
498	0.409340039737	0.0254214371502	0.002354601702	0.0351617269927	0.0562035539138
499	0.408678407726	0.0259573589767	0.00236989083367	0.0352548057282	0.0585445034792
493	0.412012072432	0.0263603827995	0.00253079928306	0.0371491142099	0.058639225113
492	0.413443574586	0.0265972306569	0.00257954329446	0.0377675981931	0.0592375234698
495	0.411557685037	0.0259876193251	0.00246678356803	0.0357553162507	0.0572894959063
494	0.411721215357	0.0261805085599	0.00250064497365	0.036512033703	0.0577062327788
489	0.420731091601	0.0273160342645	0.00272011934323	0.0393113729039	0.0644099429368
488	0.421628574383	0.0274458367212	0.00274667196618	0.0395893539318	0.0652397855258
491	0.413841507434	0.0268885868665	0.00264643437786	0.0381256651742	0.0629377815031
490	0.417140349094	0.027134804858	0.00268750908857	0.0384252165148	0.0635044203714
485	0.432071895733	0.0283001452211	0.00294414836392	0.0422508496396	0.0670814078589
484	0.435698219015	0.0284894974598	0.00298130720692	0.0422595846016	0.0675015367085
487	0.42467081025	0.0276861732735	0.00280546319408	0.0397748659693	0.0655732214422
486	0.428435012394	0.0279932279341	0.00289506876862	0.0418840083819	0.0659349058072
481	0.442285376155	0.0275757715179	0.00267112397547	0.0447729677899	0.0690711788818
480	0.443128236087	0.0281845797445	0.00274183595375	0.0449995659883	0.0734457577794
483	0.438355484718	0.026693523493	0.00260150459825	0.0423380296637	0.0640717248981
482	0.439825750193	0.0271907758269	0.00263430180615	0.0435678385776	0.0668819334501
550	0.350905395642	0.0246803209507	0.00208546730353	0.0369822914103	0.0534262514494
551	0.351563983376	0.0248413363018	0.00209769586435	0.037308494933	0.0536065241032
548	0.345970101626	0.0237690104097	0.00200240698084	0.0337317894787	0.0526806971374
549	0.347922859707	0.0242812625362	0.00205958455435	0.0371488838187	0.0531777285411
546	0.343748012972	0.0234875133204	0.00196525328011	0.0338089805583	0.0523498681915
547	0.343543009372	0.0236080967846	0.0019814547094	0.0337803854974	0.0524707815725
544	0.349142822262	0.023421293043	0.00200773974715	0.0333999313136	0.0522166968972
545	0.344133260535	0.0232625943239	0.00195111582968	0.0336131650327	0.0522455914434
558	0.262616332951	0.0257056420678	0.00170145068808	0.0411166849202	0.0548247269713
559	0.262229862242	0.0257384251772	0.0017002878433	0.0412855661585	0.0550761208945
556	0.344861078926	0.0264421444681	0.00211292117042	0.0408149937664	0.0552522506996
557	0.263233392867	0.0256713803972	0.00170375350768	0.0413889344032	0.0545072799037
554	0.34586215679	0.025309199046	0.00209530643163	0.0395618127293	0.0538347932637
555	0.343224339533	0.0255186168289	0.00207239645573	0.0398865184064	0.0540867765577
552	0.348210320895	0.0251410503879	0.00208448181081	0.0392295842193	0.0533515706088
553	0.346991963038	0.0251938841663	0.00208861688973	0.0397890220449	0.0536533525228
567	0.270054013462	0.026484610638	0.00175103545621	0.0426095961593	0.0555902378814
566	0.269193385314	0.0265536259552	0.00176424742671	0.0430202162797	0.0554477941593
565	0.267422847858	0.0261759968919	0.00174099680952	0.0414297266009	0.0552246724762
564	0.267675536563	0.0260902121971	0.00173452992512	0.0410837928788	0.055315858919
563	0.267705046106	0.0260501442617	0.00173641029171	0.0410673651879	0.055193612766
562	0.265985548962	0.0259250523144	0.00171764609482	0.0417985622101	0.0554553971536
561	0.263047039474	0.0259057766873	0.00170878679007	0.0414906615004	0.0552542021311
560	0.261990741605	0.0258060472284	0.00170176129002	0.041502273494	0.0550166836243
575	0.278499669147	0.0265536798942	0.00185608008076	0.0365116567922	0.0574609305087
574	0.276010575505	0.026533932061	0.00184740212488	0.0363667919608	0.0574789842313
573	0.273966987109	0.026312073049	0.00182737407027	0.0364259034616	0.056498656381
572	0.273559346035	0.0262487468223	0.00180887429673	0.0367366272756	0.0559189896277
571	0.270401200037	0.0260767106929	0.00178605018922	0.0366070938109	0.0559167010154
570	0.269880707956	0.0260759168007	0.00176355497931	0.0365783698177	0.055489173402
569	0.269516940863	0.0259801620086	0.00174761071396	0.0365058323612	0.0554049249415
568	0.270059284144	0.0261641905898	0.0017565091129	0.0397847219827	0.0553832578644
516	0.393160943588	0.0248113957858	0.00210907714139	0.0326422728603	0.059277124777
517	0.389837526236	0.0246762608152	0.00207548178255	0.0364527811786	0.0535076138822
518	0.387966694355	0.0245485186582	0.00205636891567	0.0361407260987	0.0534412459406
519	0.386972242337	0.0243925817436	0.00203704917484	0.0360373918271	0.0532230656708
512	0.397178795941	0.0254983537671	0.00217044480834	0.0328594268332	0.0599393039834
513	0.396977423882	0.0252196757368	0.00215064700984	0.0328605677052	0.0597290990838
514	0.396740770575	0.0251159052087	0.00214645928198	0.0328512616626	0.059517453258
515	0.395201799782	0.0250111306272	0.00212554793753	0.0327608267097	0.0594449841151
524	0.379940104612	0.0242077839133	0.00198187783559	0.0342150458753	0.0523643098447
525	0.374638719164	0.0240223230793	0.00194055569332	0.0335451209661	0.0523466810456
526	0.372579505825	0.0238777733589	0.00192214652517	0.0333259348103	0.0521826589277
527	0.37115098391	0.0238565492077	0.00190581446294	0.0329845069643	0.0521607690808
520	0.385473701301	0.0241816695081	0.00201979366859	0.0320415921723	0.0529779451602
521	0.382687921672	0.0238166802383	0.00197470192672	0.031961047281	0.0520879597494
522	0.381638616618	0.0236479065025	0.00196163063066	0.0317330797415	0.0518986649243
523	0.380640381315	0.0230874200613	0.00181796512844	0.0316345036238	0.051836985694
533	0.349533342432	0.023055433074	0.00172299651956	0.0309361281124	0.0509771313037
532	0.351408808582	0.0231660848881	0.0017483784585	0.0333787582745	0.0511526310922
535	0.344984352733	0.0225989762884	0.00165714106682	0.030886990638	0.0495322984904
534	0.348020076281	0.0228804254259	0.00170427702221	0.0309134711707	0.0495591604201
529	0.363390226296	0.0236897296495	0.00184907953158	0.0337452179338	0.0514578206782
528	0.367392367883	0.0237666584603	0.00188305206909	0.0328843097008	0.0515043657612
531	0.353937647937	0.0233215382285	0.00176926383107	0.0334783149418	0.0512612302365
530	0.358105099882	0.0234822040224	0.00180941270922	0.0336013454533	0.0512907533847
541	0.349987461432	0.0226901525215	0.00197574398277	0.0301581392695	0.0503714272348
540	0.331598856436	0.0217661120202	0.00153306629375	0.0303455983153	0.0471439915252
543	0.347746394194	0.0230169913868	0.00200040123189	0.0304328447663	0.0512118112377
542	0.350257754965	0.02289181991	0.00200250876532	0.030244249665	0.0507927086861
537	0.335849841735	0.0224379719908	0.00159702658533	0.0308139435199	0.0492443341156
536	0.339300360778	0.0224300581524	0.00162605126121	0.0308451052517	0.0493691891692
539	0.332290528405	0.0218311827906	0.00155072505595	0.0291822419132	0.0474296181817
538	0.333225466687	0.0222214067016	0.00158011594299	0.0291843370452	0.0492262058014
610	0.290661397709	0.0305174313491	0.00212543927912	0.0413254559939	0.0705628405813
611	0.28726903252	0.0305847003604	0.00211384519601	0.0414834408289	0.0709661628518
608	0.286513764775	0.0308340603809	0.00210813999188	0.0427511301431	0.0745611573924
609	0.286929138054	0.0308758931786	0.00211895486943	0.0421616870982	0.0742666107998
614	0.29013848737	0.0303865163655	0.00207094771761	0.0405006315156	0.0673154651164
615	0.29335367084	0.0308159956433	0.00211091116795	0.0422194461736	0.070749241882
612	0.288477646086	0.0300284888516	0.0020884620939	0.0402096638807	0.0674567465392
613	0.289923064595	0.0300784881129	0.00207927056736	0.0402494405219	0.0675163577546
618	0.299694807134	0.0312021900555	0.00216678710012	0.041922074301	0.0697212065208
619	0.299805093475	0.0312671749481	0.00216535573777	0.0418883329677	0.0694192872883
616	0.292548163468	0.0311311580198	0.00215016506477	0.0417675532672	0.0697315743539
617	0.297968522012	0.0311641859643	0.00216869572825	0.0417501425241	0.0699254236814
622	0.307753786682	0.0321166191462	0.00224855981249	0.0440956500322	0.074536815499
623	0.31725207749	0.0323147130037	0.00229038453677	0.0442751248142	0.0748555899273
620	0.303764097191	0.0304682706317	0.00200078466326	0.0425347414429	0.0682456138909
621	0.305146968508	0.0318320534959	0.00223435978052	0.0436920458678	0.0747522159404
627	0.317059525941	0.0334067245672	0.00244283432109	0.045282992748	0.0775150966377
626	0.317263839849	0.0332403034928	0.00243362865409	0.0446270170404	0.0774296658768
625	0.319088566482	0.0331861826791	0.00243552297771	0.0443904977247	0.0773521753912
624	0.318246598642	0.0323879633462	0.00230972048794	0.0443650965926	0.0747838352498
631	0.397775012903	0.0358565064403	0.00330984106786	0.0460864165537	0.0809749820538
630	0.321444102559	0.0349613312277	0.00258175161242	0.0463237018494	0.0821774328178
629	0.318553898913	0.034966546139	0.00256421401504	0.0460154642747	0.0822433784214
628	0.317020552961	0.0348764389192	0.00255153679792	0.0457905203108	0.0823512129005
635	0.395548221115	0.0360894720788	0.00330014513279	0.0471570446575	0.08064897008
634	0.396587427914	0.0356876889796	0.00328884935742	0.0469411443713	0.0783818068696
633	0.396316004018	0.0357430029186	0.00331135288231	0.0466178351194	0.0808804553792
632	0.397009258665	0.0359532898678	0.00330488634903	0.046511651992	0.0808210724087
639	0.392919253096	0.0367416314536	0.00334047655265	0.0493260098285	0.0811022580994
638	0.391830440357	0.0366167607311	0.00330821320956	0.0494712177784	0.0811056474468
637	0.391417202085	0.0362431388871	0.00329617007486	0.0492728069096	0.0809514508836
636	0.393702164629	0.0361902914302	0.0033002261534	0.0472435126506	0.0806483357916
576	0.278060889422	0.0267736986588	0.00187324794025	0.0367544002666	0.0592111546376
577	0.280031249237	0.0269472026508	0.00189600970221	0.036972942022	0.0594753246205
578	0.280532589905	0.0273001409509	0.00193229004518	0.037338860127	0.0617496631733
579	0.281022149026	0.0281780291913	0.00197376417465	0.0376745158748	0.0626921673082
580	0.272702697815	0.0282465660358	0.00196348481183	0.0374586797378	0.0625538280781
581	0.274761627992	0.0283784566827	0.00198280480148	0.0380470180029	0.0634428930875
582	0.275244389652	0.028411554642	0.00197349635049	0.0380857522379	0.0642165211629
583	0.275914650202	0.0278801785615	0.00193058994601	0.0376582930056	0.062568270073
584	0.280886364734	0.0280110113176	0.00196590008036	0.0376949793779	0.0634975478507
585	0.281489608484	0.0281481397219	0.00199779063503	0.0377830478998	0.0632328974482
586	0.283392756432	0.0283225860927	0.00200438744768	0.0379663591783	0.0632989594388
587	0.281585925458	0.0282495562179	0.00200254853647	0.0377957423236	0.0649707343333
588	0.281898521459	0.0283504324651	0.00201630907214	0.0379860697562	0.0654261022989
589	0.282515680863	0.0283513777036	0.00201750694766	0.0382375295132	0.0649128550368
590	0.274578635795	0.0283565431196	0.00199166267404	0.0386341345402	0.0647483200549
591	0.274871965515	0.0284832656747	0.0020045407646	0.0386638145756	0.0659190634204
593	0.276998916003	0.028633418294	0.00201778781023	0.0387935822358	0.0661334515544
592	0.277140641248	0.0284636256727	0.00201096061855	0.0387818502833	0.0657828517642
595	0.277433523696	0.0287492378903	0.00203779320072	0.0382433739239	0.0713640592615
594	0.278097603305	0.0287522424998	0.00203224035171	0.0385753594939	0.071141023348
597	0.277795513223	0.0293119626947	0.00204371878554	0.0402008226014	0.0717667676068
596	0.277774707373	0.0287281772833	0.00203878317542	0.038224800612	0.0714935719305
599	0.27927569385	0.0302118131596	0.00206256704172	0.0401823008238	0.0722953020204
598	0.279096721742	0.0295869148882	0.00205137142161	0.0403474782504	0.0720061092862
601	0.278789547683	0.0304384183066	0.00210362512033	0.041009825891	0.0734050976058
600	0.278964122066	0.0302996590748	0.00207865700935	0.0403140157862	0.0727537137409
603	0.285191279879	0.0303196611753	0.00212165240161	0.0417877766155	0.0705159184773
602	0.283034834302	0.0302469985945	0.00211625839324	0.0415319920708	0.0702037705988
605	0.284176621433	0.0305965891552	0.00212457712832	0.0428128317115	0.0746351056145
604	0.285027751566	0.030454532483	0.00211752965433	0.0425920775056	0.0710462759927
607	0.286089110395	0.0308019308691	0.00211270232626	0.0429810873224	0.0745087867045
606	0.285006670015	0.0306790728995	0.00210926594949	0.0427885670957	0.073484512157
687	0.455008676891	0.0387671234556	0.00454697533255	0.0477882483324	0.0696966419914
686	0.453907319647	0.0384773233828	0.00449560972034	0.0479620906648	0.0662577974896
685	0.452483977538	0.0389888965189	0.00447844990194	0.0482453536808	0.0692866246904
684	0.45220369607	0.0388042129772	0.00445592851528	0.0482236943043	0.06870752404
683	0.452715599443	0.0385333162961	0.00437998853087	0.0481932748988	0.0680568582078
682	0.414643954344	0.0382491488226	0.00417538703775	0.0485773003364	0.0680420088408
681	0.417214914906	0.0382752390586	0.00419426237893	0.0482544517456	0.0679551593481
680	0.417867287472	0.0382374777229	0.00417981900234	0.0492402700306	0.067610996469
679	0.417477700502	0.040400178603	0.00456424644075	0.0491686490109	0.0718904470938
678	0.418137675822	0.0415236131024	0.00471799616117	0.0522384729028	0.0764616157559
677	0.418425936384	0.040797573174	0.0045320573264	0.0526979776074	0.07269482959
676	0.421524884255	0.040705168178	0.00455045401204	0.0491489641198	0.0723944822473
675	0.416930716721	0.0408559235066	0.00459569206143	0.053261379203	0.072401969297
674	0.416885819568	0.0406694338672	0.00459223330019	0.0528385741532	0.0722486063548
673	0.416571269161	0.040612579196	0.00458840889225	0.0508549451872	0.0722546519282
672	0.417567510391	0.0406175600789	0.00461253872963	0.0504127996222	0.0722508916425
702	0.428376136432	0.0376653385222	0.0038560954645	0.0440846128371	0.0738806653484
703	0.429143686789	0.0349019707978	0.00320629081695	0.0439380395482	0.0721429063179
700	0.425747923789	0.0366141659595	0.00381014896845	0.0433789525701	0.0716348045992
701	0.425244017475	0.0375859877144	0.00384415220327	0.0445486942687	0.0740101914624
698	0.437428661787	0.0371518974079	0.00388704983492	0.0450479981645	0.0711677864132
699	0.429059509041	0.037004622011	0.00382139680511	0.0454977457217	0.0691110684398
696	0.438591639761	0.0373257082723	0.00392672830906	0.0475050417891	0.0702863227588
697	0.438493702935	0.0372649287698	0.00391928937313	0.0451195400174	0.0724618001995
694	0.441199050653	0.0374661666278	0.00395620220709	0.0472700425768	0.0708710436548
695	0.440944575602	0.037461720184	0.00393709234366	0.0463987291621	0.0705085493467
692	0.449314784717	0.0377572139641	0.00417158495655	0.0465112145201	0.0706041325367
693	0.44496670081	0.0377236085403	0.00405590070345	0.0472214922153	0.0735671841435
690	0.467043644559	0.0390073634321	0.00455638886144	0.0469360420154	0.0706524395765
691	0.453645912814	0.03816607805	0.00412887102125	0.048257069204	0.0709595773177
688	0.455075659981	0.038907836798	0.0045259078735	0.0476999250748	0.0707230838812
689	0.467396145326	0.038926479122	0.00458111178509	0.0473849838932	0.0707799166816
653	0.42386398398	0.0420343618194	0.00464138356712	0.0510962773178	0.0835657191678
652	0.426289734945	0.041954593197	0.00466235536417	0.0512273975915	0.0830865667779
655	0.4245472493	0.0422077097448	0.0046572907178	0.0510653044321	0.0836741498583
654	0.423225139274	0.0421020678552	0.0046380733894	0.0511320845869	0.0837232758779
649	0.418849792748	0.040309486356	0.0045546373962	0.0496448097589	0.0820080852312
648	0.411565059866	0.0401569690176	0.00450850721549	0.049582869777	0.0819740616641
651	0.424896792785	0.0410046664873	0.00464213249238	0.0505970159815	0.0828730750235
650	0.421509215134	0.0407459824436	0.00455384367921	0.0504557696386	0.0827030402091
645	0.40378713459	0.0400306269197	0.00441115979417	0.0507007061073	0.0824626189284
644	0.405085061286	0.0398230516888	0.00435065739805	0.0507859142335	0.0824010245818
647	0.411247800038	0.040161564993	0.00448194352146	0.0502975677954	0.0818518279856
646	0.40701783171	0.040130629566	0.00447174397472	0.0507027790986	0.082609203937
641	0.401705012881	0.0395501647722	0.00429103813212	0.0502602398316	0.0824309304737
640	0.397743724193	0.0397350413956	0.00423137702651	0.0503621033493	0.083073515912
643	0.401620728563	0.039642017561	0.00428881592425	0.0507170787289	0.0827127206628
642	0.399166933468	0.0396026861583	0.00428972019242	0.0507660764731	0.0826197875762
668	0.421694150791	0.0404856345011	0.00467592844608	0.0508515342755	0.0735096376062
669	0.418974822687	0.0405301404183	0.00464592452667	0.0511420232593	0.073159609504
670	0.41789260099	0.040606225709	0.00464846324587	0.0509003259945	0.0732516657303
671	0.416229719656	0.0405676439724	0.00460231833978	0.0504771850955	0.0718936089539
664	0.422220013398	0.0397524394166	0.00471288936375	0.0492842985904	0.0747601901835
665	0.420982292494	0.0398063105144	0.0047368472035	0.0492856244029	0.0746886668161
666	0.42088302793	0.0398569601267	0.00472569383306	0.0489659779615	0.0743757601165
667	0.42168523618	0.040572150298	0.00475288682683	0.0505899313503	0.0745653344622
660	0.426682785924	0.0404584257701	0.00478051818987	0.0472845722122	0.0798754621725
661	0.425628384723	0.0409328348772	0.0048315120734	0.0483236237533	0.0808516400189
662	0.425210775828	0.0404288238904	0.00483267518102	0.0470933298169	0.0771861380087
663	0.423966010669	0.0410643194104	0.0048364881109	0.049691076448	0.077043255435
656	0.423850397222	0.0420437366035	0.00471025608274	0.050045543462	0.0815373754913
657	0.422503703264	0.0419854428869	0.00477177904955	0.0485312546164	0.0836599518653
658	0.425797189151	0.0417144130786	0.00484462126124	0.0474787778623	0.0839137302049
659	0.4264530153	0.0418961143323	0.00489796779153	0.0473951512528	0.0840541849458
747	0.347708113848	0.0348528610279	0.00260139327463	0.0455295841153	0.0891916858948
746	0.350111557653	0.0346211945875	0.00258033961821	0.0457812815588	0.0878128163694
745	0.349717078064	0.0351357870181	0.00260512708454	0.0463504167984	0.0880814466511
744	0.352552718209	0.0351081719884	0.00261232617192	0.0461595510341	0.0877824477016
751	0.455158021899	0.0390998529832	0.00369591304829	0.0534370870165	0.0935477200977
750	0.450918904385	0.0391122642696	0.00373119718377	0.0477668541864	0.0949099892978
749	0.448654479192	0.0390903158361	0.00371376623127	0.047882438225	0.0946869566379
748	0.448348757895	0.0388757742627	0.00373537614099	0.0472312759466	0.0924811690967
739	0.352234678419	0.0348790049062	0.00257553719111	0.0442168741193	0.084507560229
738	0.357038589776	0.0349332479117	0.00258343960762	0.0444550601039	0.0844793150635
737	0.357371714427	0.0349319034319	0.00258562291607	0.0441793420056	0.0844485349707
736	0.359239438484	0.0352901279903	0.00258961784841	0.0437212640467	0.0853648239964
743	0.35127515177	0.0351558463823	0.00261010758933	0.0455094610791	0.0875940690275
742	0.352015576254	0.0351985409466	0.00261658952538	0.0454197154662	0.0862474114055
741	0.351976016393	0.0346942276419	0.00259815399921	0.0432048389594	0.0843538319097
740	0.352511445664	0.0346626501272	0.00258454683145	0.0437211204137	0.084024790685
762	0.444834108278	0.0351777663015	0.00313599074052	0.0446989439316	0.0894179765701
763	0.447935798733	0.034947216929	0.00312172598805	0.0444881881332	0.0882393651668
760	0.449414038594	0.0357949651937	0.00323893350361	0.0454874767621	0.0907671434071
761	0.448089668046	0.035652028207	0.00320451982063	0.0446291105907	0.0900376305223
766	0.447048701922	0.0345839213615	0.00306406382052	0.0437085869208	0.0881329063615
767	0.445156712376	0.0348891911329	0.00306543378943	0.0438482552436	0.0874213654496
764	0.447445063151	0.0348471484595	0.00309057769178	0.0443394967457	0.0884773401749
765	0.447444428817	0.0346959684552	0.00307474031353	0.043943516549	0.0884181635582
754	0.45338806045	0.0377284601925	0.00340310287801	0.0564128246246	0.0922304015333
755	0.459958948608	0.037357343764	0.00341175028896	0.0480611549852	0.0921261853816
752	0.452047279736	0.0388467456952	0.00363216595791	0.0553509142341	0.0926641145967
753	0.45094233573	0.0388025295195	0.00356589204074	0.0568169719791	0.0924182621344
758	0.454764814184	0.0370177317391	0.0033545032163	0.0459234854754	0.0927945461059
759	0.452547275114	0.0359237003683	0.00326733200148	0.0455560702436	0.090979236101
756	0.458893781094	0.0372623033044	0.00340656958372	0.0463999970034	0.0928666221679
757	0.459215343364	0.0371816494133	0.00340557804626	0.0462636077421	0.0929967351852
713	0.401977881017	0.0329793354496	0.0027233422869	0.0435030987738	0.0733109978046
712	0.398859480407	0.0331290315437	0.00269536222314	0.0442965296086	0.0728314085889
715	0.402665012021	0.0355799276558	0.00281496754682	0.0451213939287	0.0777894328085
714	0.402219673085	0.033306579635	0.00270129633602	0.0440808536187	0.0739584011467
717	0.401182297458	0.0361908394781	0.00284481094775	0.0478523333352	0.0786196425111
716	0.401915231857	0.0356768863135	0.00281758374633	0.0457801670064	0.0785361583189
719	0.403519486958	0.036765265333	0.00289646643565	0.049935772873	0.0807346759088
718	0.400859226388	0.0366167209647	0.00286894895	0.0500482726769	0.0805083317185
705	0.427327071139	0.0324246054718	0.00278500593426	0.0434746740929	0.0715983612314
704	0.426162279084	0.0325408879277	0.0027745261363	0.0434422255569	0.0709218226838
707	0.42456418436	0.0321875073249	0.00276301205737	0.0434628831685	0.0698119955723
706	0.42427795187	0.0323646873496	0.00277766888776	0.0433209945581	0.0725018746696
709	0.42015055829	0.03250446894	0.00274170839546	0.0437128844223	0.0717761545118
708	0.421416605915	0.0327221284398	0.00275843104936	0.0441950242872	0.074819955512
711	0.400009399779	0.0326401562413	0.00267030763622	0.0443500806052	0.0722382758901
710	0.411377850865	0.032507882906	0.00271527982437	0.0434313584227	0.0718923392594
728	0.373137447198	0.0355726853554	0.0024995244651	0.0447637910769	0.0825748985573
729	0.369774428338	0.0366724503662	0.00295099712889	0.0434269584479	0.0823422322442
730	0.367594794016	0.0351377136264	0.00249183344234	0.0449653522637	0.0821615970454
731	0.365606465904	0.0354660856724	0.00250616723167	0.0444209641665	0.0820849780927
732	0.361598688073	0.0354158079236	0.00247768779507	0.0440790224957	0.0824161861043
733	0.357634545566	0.0361252991058	0.00256374265015	0.0441558335581	0.0893599092259
734	0.358411019267	0.0363365364443	0.00257633686037	0.0440768190536	0.0886022641163
735	0.35851783291	0.0361256203646	0.00259006650464	0.0444001585729	0.0890602435636
720	0.404685723712	0.0338065604167	0.00248351335966	0.0456850731893	0.0771510832415
721	0.404866745841	0.0337709640835	0.00246240454461	0.0476423089709	0.0770088123845
722	0.405102322227	0.0337014406623	0.00244985524078	0.0477007233482	0.0774504211033
723	0.405418413437	0.0336837987487	0.00244872427691	0.0477534182787	0.0775184905519
724	0.40338274995	0.0338656415454	0.00244166621678	0.0458435757147	0.07823339943
725	0.40548027494	0.0349717739563	0.00257651223509	0.0460318096752	0.0788803287805
726	0.40237690587	0.0352058196502	0.00260889679272	0.0461640705134	0.0801076004718
727	0.400740851277	0.0357633172684	0.00262058716848	0.0461688949675	0.0821304243557
821	0.294619997198	0.0235619097706	0.00126992796705	0.0370004921188	0.0627451886363
820	0.294671337464	0.0240965243764	0.00133563960388	0.0374278669898	0.0668298134131
823	0.289729443114	0.023413314961	0.00125598329554	0.0376030061242	0.0608183027699
822	0.289169088416	0.023483056446	0.00125407537572	0.0368169502766	0.0608309881803
817	0.293404493123	0.0256740854014	0.00147369865732	0.0392565376857	0.0676740397586
816	0.296896074817	0.0261027710915	0.00152666418897	0.0399271834203	0.0707983837661
819	0.296988777988	0.0255559460829	0.00148278521701	0.0382724596081	0.0705659648239
818	0.292908959721	0.0254898599674	0.00146442043925	0.0386904021035	0.0702890241664
829	0.286733394936	0.0217137986006	0.00108797237043	0.034210240844	0.0572375668652
828	0.287335617646	0.0217782456468	0.00109504916384	0.0343261019174	0.0576709153359
831	0.285668871448	0.021490173442	0.00107228748801	0.0335413561353	0.0585221737558
830	0.285891505997	0.0216637138041	0.00108871424615	0.0338892212191	0.0585911579511
825	0.28956584999	0.0226426345228	0.00118733376463	0.0373705565645	0.060321213848
824	0.289946565077	0.0229972793583	0.00121747534489	0.0365068850132	0.0604452225547
827	0.287709059671	0.0219252863861	0.00110856835049	0.03443781659	0.0587789864076
826	0.289025742881	0.0219376827457	0.00112937085752	0.0347481179426	0.0593598538151
804	0.40823784957	0.0293604102643	0.00224072855677	0.0463953029438	0.0805113182175
805	0.406348652447	0.0295914876243	0.00223540653919	0.0469766269516	0.0803291922808
806	0.404207099628	0.0295828391192	0.00221077636135	0.047019907571	0.0801888571422
807	0.400595097615	0.0295451818212	0.00217196195089	0.0482273180145	0.0793547615139
800	0.411913045083	0.0294938969468	0.00226844417788	0.0461440691977	0.0781934607182
801	0.412957130865	0.0292516735874	0.00228149197765	0.0463715457803	0.076960807927
802	0.408733597466	0.0290061643212	0.0022474726929	0.0459270058096	0.075760485052
803	0.408902389123	0.0288603376451	0.0022341653035	0.0446811809699	0.0757699252682
812	0.292492412269	0.027056247806	0.00158333465789	0.0469008241905	0.0714313190423
813	0.292097412788	0.026976542684	0.00156457094617	0.0468999655688	0.0712782774582
814	0.292967361402	0.02669500263	0.00154443256421	0.0459634704568	0.0712469632824
815	0.295575808591	0.0261990873222	0.00153038480692	0.0397628007311	0.0712219614259
808	0.297351950531	0.027517105296	0.00161419330184	0.0469451424274	0.075272736974
809	0.293836192511	0.0271790126554	0.0016028744337	0.0467802866999	0.0749549236853
810	0.292281079349	0.0273498592723	0.00157965178402	0.0469745267878	0.0748419155006
811	0.292568253607	0.0271490167177	0.00158182841266	0.0469658599925	0.072913262607
791	0.416729843722	0.0315137505985	0.00247235408422	0.0484586009146	0.0826991266685
790	0.419852941039	0.0317892008075	0.00253352187795	0.0464215847966	0.0858051124717
789	0.419978184228	0.0317345672833	0.00252913150719	0.0469732193765	0.0828427063869
788	0.425461092095	0.0324230460839	0.00259364218396	0.0484629956994	0.0829986169639
787	0.427358591816	0.0326201888388	0.00263251015653	0.0487239145389	0.0832389131382
786	0.42815755352	0.0329228198476	0.00267052266164	0.0488877448815	0.0829460936888
785	0.426855816036	0.0324051546332	0.00261712954657	0.0485613941586	0.0830869576911
784	0.432759600681	0.0321853358737	0.00259953624609	0.0479817706231	0.0822612141864
799	0.411215106963	0.0300226804775	0.00230926328941	0.0470868195358	0.0825748098773
798	0.40761787953	0.0306485150001	0.00236571194787	0.0470095146238	0.0870154465115
797	0.407368771787	0.0302779476964	0.00233323184696	0.0473780262819	0.08012921229
796	0.408584699036	0.0305303398179	0.00235734769425	0.0473673137001	0.0805979148632
795	0.409630840811	0.0307614621277	0.00238797813861	0.0479780999264	0.0807977121947
794	0.405845858742	0.030534421035	0.00232975635751	0.0450517049344	0.0813475026012
793	0.412706974866	0.0315228681161	0.00245112125751	0.0468382599953	0.0857092694458
792	0.416505409359	0.0313614266793	0.00246168188489	0.0483413655003	0.0823120534466
774	0.4439543043	0.0345172363254	0.00293888216372	0.0442044982549	0.0858589041225
775	0.443713678572	0.0342012591162	0.00291303641817	0.0440881933103	0.0856527090799
772	0.441976578871	0.0343047677135	0.00297850664199	0.0437768550727	0.082836406611
773	0.442439342364	0.0347254655628	0.00299828939712	0.0439707224729	0.0862419702325
770	0.443996012515	0.0339985848855	0.00302216503811	0.0434489240858	0.0792086397017
771	0.43958597029	0.0338104450377	0.0029619789455	0.0433748172946	0.0789095244386
768	0.443681918249	0.0347787880282	0.00304658845832	0.0438208281527	0.086121303288
769	0.442945750031	0.034140517349	0.00303425309835	0.0432380334042	0.0792643555238
782	0.435213403084	0.0324681194246	0.00265528511409	0.0417062922936	0.0823057056128
783	0.433974366107	0.0323210232924	0.00262246634852	0.0478238075668	0.0824557316251
780	0.436101846308	0.0330270248212	0.00274585619278	0.0425475601962	0.0855896415726
781	0.436051047284	0.0325296377213	0.00268182865634	0.0411947511051	0.0828473402349
778	0.437466327279	0.0341665794689	0.00277042918556	0.0430181994399	0.0866110348855
779	0.43691487764	0.0334730091483	0.00276093861342	0.0432222146621	0.0859964346061
776	0.441578793587	0.0341531696526	0.0028825796238	0.0437214542024	0.0864663856937
777	0.43752711674	0.0342179370524	0.00285274517309	0.0426942456516	0.0865987720855
881	0.184100794198	0.0193943765128	0.000540499860681	0.0294210507761	0.0406115576573
880	0.183925837685	0.0196573504957	0.000544507604649	0.0294236906799	0.040513761051
883	0.183522687836	0.019436410873	0.000541826666346	0.0295566704353	0.0408480997904
882	0.183705675163	0.0194124500172	0.000539916143482	0.0295078777472	0.0405752246719
885	0.182449393782	0.0195950205552	0.000539008380277	0.0294139665422	0.0407328358964
884	0.183191447507	0.019459639227	0.000540577029932	0.0295416722716	0.0408808662682
887	0.181152439585	0.0196707156015	0.000537637903997	0.0295120186512	0.041661057841
886	0.181919331372	0.0196139232365	0.000537774315809	0.0295446733929	0.0408318245423
889	0.180847590244	0.0198335801309	0.000551214312656	0.0296393722842	0.0421282130774
888	0.181090499775	0.0198140142364	0.00054879996665	0.0297172677226	0.0420420933988
891	0.180331513083	0.019943486406	0.000557692994178	0.0299397639878	0.0413595259023
890	0.180336915932	0.019878945956	0.000553948191031	0.0291552355754	0.0419857880822
893	0.179285425838	0.0200273943493	0.000558438646148	0.029870149558	0.0413749843681
892	0.17931400177	0.0199693855396	0.000556015167606	0.02987684044	0.0412684143063
895	0.179030001469	0.0199304478436	0.000556111499604	0.0300743519303	0.0414945596456
894	0.179577544939	0.0201047888657	0.00055988093073	0.0299109684781	0.0414154977898
864	0.202100547748	0.0162590397347	0.000583874929613	0.0244920299894	0.0413539951805
865	0.200136823411	0.0161204495161	0.000574402728155	0.0244570865911	0.0408694844921
866	0.207472430505	0.0160858058163	0.000585336596455	0.0243862831188	0.041071906035
867	0.205418414587	0.0158711021441	0.000570343125377	0.024060645127	0.0408853305733
868	0.204925356857	0.0157769240404	0.000565814360244	0.0239569625271	0.0404467871052
869	0.201720628068	0.0156190551009	0.000551571224967	0.023872002899	0.0396900479384
870	0.198520049328	0.0154440269316	0.000538220200599	0.0240013418881	0.0391858538598
871	0.198635435421	0.0156079110966	0.000542486034542	0.0249228800076	0.0400748400579
872	0.199402994788	0.0157594710745	0.000547848824363	0.0250133570524	0.0409684550311
873	0.199909472572	0.0158253869241	0.000550732335643	0.0250602359889	0.0412144835454
874	0.200486353327	0.0159088585158	0.000553561806597	0.0250617046607	0.0413935250859
875	0.200505396905	0.0158929782461	0.000556201141227	0.0252983315005	0.0414979049243
876	0.184905932883	0.0194625819514	0.000541043389766	0.0289581321907	0.0423603218949
877	0.184357059462	0.0195460642134	0.000538332468124	0.0296804574725	0.0412589087437
878	0.183879760195	0.0196589182212	0.000544335041927	0.029756300013	0.0407840689456
879	0.183508133445	0.0196185976182	0.000543978300121	0.0294429437347	0.0407424411739
851	0.248635195438	0.0187363718044	0.000750946946192	0.0307793168201	0.0491192688919
850	0.253759271977	0.0186464058663	0.000759934375704	0.0310200810875	0.04729122135
849	0.253584502246	0.0187761924347	0.000763745081802	0.0313494077214	0.0474978668302
848	0.252816198712	0.0186911359504	0.000768997920081	0.0319426351324	0.0466159394658
855	0.244193554697	0.0185119583314	0.000780633763396	0.0258491528445	0.0482334902954
854	0.245155951387	0.0186519363821	0.000789289213737	0.0294644516932	0.0484842004293
853	0.246583386915	0.0188453427528	0.000808915682049	0.0304176463491	0.0487846425089
852	0.246926906856	0.0185894699124	0.000738946431923	0.0306085345887	0.0489856176492
859	0.240939735217	0.0172170402358	0.000714716647923	0.0252523403435	0.0437929034653
858	0.240895968409	0.0174837667397	0.000721818566184	0.0254948468951	0.0443920399398
857	0.2408645031	0.0177285438059	0.000729159129517	0.0255302444953	0.0447387727912
856	0.242255044657	0.0181549047223	0.000757770665538	0.0255781332181	0.0477319773762
863	0.206052858718	0.0163276120596	0.000598313338712	0.0246268375527	0.041868273784
862	0.209639310146	0.0164876425449	0.000612033227119	0.0247355377907	0.0421688879137
861	0.239537169788	0.0169985224976	0.000703836539522	0.0248139089361	0.0426841492523
860	0.240141877744	0.0170542708187	0.00070921196902	0.0250011358637	0.0433594060252
834	0.280352904803	0.020735041191	0.00101355284166	0.0312621033173	0.0574727807668
835	0.279128859198	0.0205394697296	0.000993078411421	0.0312066513199	0.0568217788688
832	0.282616488068	0.0210836139484	0.00104105722611	0.0315413814072	0.0583539123674
833	0.28170768884	0.0208832767181	0.00102492735066	0.0314619717345	0.0579671031517
838	0.275334343302	0.0197295463061	0.000936465693619	0.0289785375382	0.0506364035817
839	0.260811329066	0.0198542070465	0.000881075507104	0.0309477364181	0.0508872944816
836	0.277979469384	0.0199686911954	0.000970166872134	0.0294325832486	0.0508189739927
837	0.277076347272	0.0197544499098	0.0009545345356	0.0290397670084	0.0504811112748
842	0.256412484896	0.0196642745284	0.000822658648037	0.0320027476907	0.0493119727739
843	0.252593275486	0.01943314936	0.000804918034157	0.0318627174976	0.0491065826186
840	0.260086079855	0.0198424264286	0.000872481451077	0.0309434673669	0.0505469201595
841	0.258876418328	0.0196000377005	0.000860667364218	0.0309096491145	0.0501367783159
846	0.253149239446	0.0190038953658	0.000790297203144	0.0324194031176	0.0472483653047
847	0.253148127189	0.0188087363756	0.000777576293609	0.0323210391934	0.0470887316867
844	0.253296239547	0.0192947159752	0.000800919048568	0.0328445367741	0.0483370043687
845	0.252477662211	0.0190946576198	0.00079372012151	0.0325438161642	0.0476350776535
956	0.156057853351	0.0226962444277	0.000648811392874	0.0360497118096	0.0507060858588
957	0.156670921998	0.0229486084084	0.000658970055297	0.0363522817809	0.0509143717409
958	0.156975016812	0.0230131572819	0.000650204866962	0.0365867298991	0.0508208300649
959	0.155487331897	0.0231146554567	0.000652600512957	0.036687081629	0.0510659211824
952	0.156758692813	0.0219656658117	0.000612898646991	0.0351793570815	0.0494253012354
953	0.155656210486	0.0221626647189	0.000618332597356	0.0355559398783	0.0497375802094
954	0.155528481463	0.0223444264217	0.000617039690403	0.0359477233271	0.0501189335135
955	0.155383115067	0.0225955010927	0.000647061948789	0.0359908256831	0.0503229584893
948	0.159991012073	0.0217677988444	0.000610733766828	0.0336011042304	0.048085791195
949	0.159526308872	0.021886472494	0.000610521359038	0.0341589624237	0.0491875711192
950	0.159186898355	0.0218719210861	0.000611950124243	0.0348342637358	0.0492948496307
951	0.159023724251	0.0219405494835	0.000611109842234	0.035576499092	0.0494175140207
944	0.162783960761	0.0218661961594	0.00062993190208	0.0329569132345	0.0476519666202
945	0.161983659758	0.0219199134796	0.000628068402456	0.0335982961535	0.047455518552
946	0.160894876516	0.0220174353791	0.00062852709078	0.0336433524602	0.0476794206612
947	0.159953923544	0.0215776835346	0.00060624213688	0.0336473665184	0.0481040780527
941	0.164360687664	0.0217116333841	0.000627687419202	0.0314291344466	0.0457804403854
940	0.164778328334	0.0216854256306	0.000630051305212	0.0319117983413	0.0456573147515
943	0.162131809686	0.0217552693637	0.000627121370141	0.0319032320958	0.0465048960442
942	0.163266560749	0.021688271791	0.000628681786756	0.0315421876427	0.046563845709
937	0.165371669073	0.0214474718327	0.000619308939741	0.032187376623	0.045466674609
936	0.166067502146	0.0213189033503	0.0006123491985	0.0322773407592	0.0449070048696
939	0.164929411655	0.0216247632442	0.000622948436886	0.0319944592761	0.0453859412964
938	0.16476722084	0.02150124764	0.000619250729373	0.0319738530044	0.0456396104189
933	0.164734548467	0.0211125398556	0.000603748317542	0.0322483193453	0.0443637456227
932	0.167789146539	0.0211388340614	0.000609661762995	0.0322236519125	0.0446324849813
935	0.164690459997	0.0212238805647	0.000606056999432	0.0322055010009	0.0449911808604
934	0.165051416021	0.0212149046238	0.000606727007527	0.032336994664	0.0445556113246
929	0.172335467727	0.0208828441046	0.000604361870938	0.0313778889106	0.0441580394711
928	0.172239869038	0.0207705714352	0.000599409997537	0.0315311326699	0.0441704114766
931	0.167894641103	0.021075394966	0.000606956979776	0.0321675491464	0.0445572496945
930	0.168754805004	0.020941486973	0.000599030789028	0.031780621426	0.0446311667605
926	0.172512334267	0.0211153812677	0.000565267954478	0.0318058412143	0.0448216274657
927	0.172311197841	0.0212114990402	0.000567509230376	0.0317724688772	0.0449366547662
924	0.17292467848	0.0211171486224	0.000570000450222	0.0317382585677	0.0448806749183
925	0.172267358283	0.0211645271717	0.000570062672369	0.0317613042169	0.044867989417
922	0.173382331282	0.021036616092	0.000568454903917	0.0311872639923	0.0449478036611
923	0.172980367034	0.0210606773368	0.000568422007626	0.0315021043424	0.045027764013
920	0.169338614811	0.0209357863396	0.000557717304054	0.0306884472383	0.0449674440487
921	0.172755189005	0.0210202808341	0.000569290404758	0.0309713627095	0.0449937398059
918	0.169404990306	0.0208556200346	0.000556773849802	0.0307155755318	0.046770581652
919	0.169520041009	0.020918751673	0.000558178994609	0.0306535105783	0.0466676703112
916	0.16887731318	0.0207308090936	0.000555139750358	0.0305316689749	0.0465353632221
917	0.169453810681	0.0208280014066	0.000557807973924	0.0306306032566	0.0465745612153
914	0.169876734304	0.0206732533221	0.000556425987082	0.0308818970011	0.046163722057
915	0.169284873218	0.0206820906607	0.000555748671567	0.0306758953106	0.0463752194173
912	0.17083373033	0.0204868443455	0.000550611549381	0.0303676846911	0.0444038218414
913	0.170217139846	0.0205108885207	0.00055103367924	0.0305573452255	0.0445563081137
911	0.170993070372	0.0203988390793	0.000549490591295	0.0297465239171	0.0442566963958
910	0.171359206261	0.0202462644908	0.000548883505837	0.0295575825203	0.04387894289
909	0.171932747394	0.0202554914384	0.000552539585318	0.0291569460679	0.0433388125679
908	0.171909506943	0.0201783776196	0.000551657011286	0.0292025751689	0.043303776371
907	0.172200920478	0.0201787675409	0.000553029538059	0.0297077216612	0.0432706151272
906	0.172623187685	0.0202301386608	0.00055605001805	0.0297928064059	0.0432322090293
905	0.173352107179	0.0201611337742	0.000548933046092	0.0298271123181	0.0431829695961
904	0.174068648816	0.0201848990251	0.00055034323783	0.0301567124207	0.0429905138896
903	0.174315446987	0.0201215968127	0.000550091425384	0.0300411774533	0.0428571530667
902	0.175002097356	0.020057365151	0.000550922843976	0.0297566003998	0.0425960314344
901	0.175339689417	0.019977652034	0.000549882032368	0.0298713413695	0.0418811921909
900	0.175074245263	0.0199590213218	0.000549088139482	0.0300621114487	0.0414617076874
899	0.175443609893	0.0199213241722	0.000550245091545	0.0296830641903	0.0415066400065
898	0.175905383748	0.019883352799	0.000549936519042	0.0295656036505	0.0414367177301
897	0.176461082232	0.0198878752068	0.000551105262182	0.0297510632674	0.041674971052
896	0.178769420455	0.0199347026834	0.00055553384394	0.0298924178818	0.0415906850184
1016	0.181297645603	0.0205272358971	0.000665476952186	0.0318460344581	0.044325521533
1017	0.183417598616	0.0205078971907	0.000678476853247	0.0311450000075	0.0461608337363
1018	0.115948984805	0.0189696324697	0.000491654556579	0.0312439107261	0.0446821312136
1019	0.127096715253	0.0182407585148	0.000498739961474	0.0256451483898	0.042181373151
1020	0.131858026672	0.017659607085	0.000478676762758	0.0261084956607	0.0405585393968
1021	0.139270994386	0.0174534402747	0.000470255012712	0.0257248794337	0.036243850363
1022	0.140877036882	0.0176255783214	0.000535627590137	0.0252814338402	0.0361807281736
1023	0.141325227713	0.0177049048561	0.000538889635794	0.0247793874168	0.0359957732031
1008	0.171137108747	0.0202816631428	0.000640575204661	0.0287676449807	0.0474410078428
1009	0.171625136307	0.0205649272899	0.00064151604594	0.0298369444752	0.0464604748947
1010	0.172640852141	0.0207777612113	0.000646611041974	0.0319872740715	0.0468424061778
1011	0.173186700323	0.0207168925655	0.000644486340147	0.0322034015924	0.047029633646
1012	0.174918717402	0.0203777775593	0.000615121088512	0.0305844858068	0.0466304992357
1013	0.17579741217	0.0206229209336	0.000627892441834	0.0323889475543	0.0481424214647
1014	0.176844950117	0.0207782585726	0.000644690671069	0.0348225337023	0.0476822647884
1015	0.17813378256	0.0208807851129	0.000664846157818	0.0334874051689	0.0478528365993
1001	0.126600435169	0.020992434369	0.000553465350099	0.0354312833891	0.0509656689272
1000	0.12626000824	0.020858804305	0.000547773585605	0.0339256700636	0.0503884887928
1003	0.127127340517	0.0205111362389	0.000544544254125	0.0320996818354	0.0507708802103
1002	0.126865131638	0.020416683105	0.000549490507228	0.0325035787133	0.0498496777967
1005	0.127940282897	0.0202140283434	0.000539218361383	0.0296896911325	0.0499904922535
1004	0.127505854681	0.0203384987791	0.000545485939876	0.0307652290276	0.0501516849495
1007	0.169923659669	0.0202571280642	0.000620563722143	0.0290000643073	0.0484333515473
1006	0.128732812878	0.020100324393	0.000546464926553	0.0299560611767	0.047440070367
993	0.12498845574	0.0212820507186	0.000566658211607	0.0349167834151	0.0476358743981
992	0.124731090276	0.0212162311523	0.000574127112564	0.0343939222693	0.0494905876682
995	0.12554628516	0.0210689554818	0.000555368345609	0.034383329625	0.0492859775358
994	0.125442598179	0.0212434692155	0.000567401330352	0.0350694566984	0.0475833741141
997	0.125962514948	0.021241536908	0.00055644203105	0.0346729559706	0.0497579576367
996	0.125719936138	0.0212350995258	0.00055862350513	0.0344939482686	0.0493005802642
999	0.125958949901	0.0208359770433	0.000547024550234	0.0329584447354	0.0501997743936
998	0.125960590132	0.0210036473329	0.000552619583514	0.0327863220128	0.0499050982333
986	0.129617630669	0.0221742197599	0.000595928470787	0.0384746772855	0.0497676621862
987	0.129082801952	0.0221899766886	0.000599426735161	0.0385271796677	0.049085343152
984	0.12269868866	0.0226522595935	0.000596045235904	0.04073502286	0.0506338217645
985	0.126944675189	0.02205251838	0.000585824233174	0.0381816762062	0.0492491268204
990	0.12662944064	0.0211911886049	0.000577813700007	0.0346871505892	0.0490053136767
991	0.125901805462	0.0211645735516	0.000579879701875	0.0341365151944	0.048956196025
988	0.128504087788	0.0220237271006	0.000601917020095	0.0380227971463	0.0491805341043
989	0.128249396036	0.0214485675437	0.000576592006736	0.0365906607519	0.0494369146532
978	0.129367979555	0.0230058303565	0.00059449292157	0.0378581864517	0.0541843135301
979	0.127907095384	0.022607395331	0.000580272324462	0.0382096150517	0.0535214734094
976	0.133265169833	0.0235712722273	0.000636705469961	0.0381915371654	0.0568413046663
977	0.1314992394	0.0236761555625	0.000639260614435	0.038916510741	0.0562859268457
982	0.124492980372	0.0226359143638	0.000611446815992	0.0385603232139	0.0528695928384
983	0.12300018105	0.0228148048227	0.000613171754274	0.0389412120101	0.052882069247
980	0.128061580392	0.0226308891386	0.000582309154894	0.0383548866036	0.0535272104765
981	0.126023975894	0.0229084815345	0.00061361462151	0.0383918464797	0.053082095219
971	0.145685420611	0.0236963529221	0.000643604488332	0.0387821205563	0.0551248075932
970	0.148329097695	0.0235234073878	0.000640753152974	0.0375441466984	0.054469824053
969	0.149062052925	0.0237636775513	0.000644177579074	0.0384934306315	0.0542531440396
968	0.14924266503	0.0239239626635	0.000667960042324	0.039215727963	0.055462698291
975	0.134619712526	0.0233523585229	0.000631087302662	0.0378877076148	0.0559043521077
974	0.135939989992	0.0233433576425	0.00063026626593	0.0365490016984	0.0558703717971
973	0.135819341113	0.0238125555812	0.000634814030084	0.0378549713345	0.0571309901959
972	0.143980148342	0.0238014974374	0.000643637207363	0.0390244024742	0.0543492010947
963	0.154480519857	0.0234095370108	0.000656048802063	0.0374101398773	0.0535719492634
962	0.156663611614	0.0233808992977	0.00066087757397	0.0374420523204	0.0538644722025
961	0.158989021218	0.0233142141112	0.000665526108906	0.0375555803274	0.0532640645291
960	0.161771292239	0.0231323080742	0.000667572132412	0.0375190128823	0.0517591603767
967	0.150749999188	0.0238164045566	0.000668504524392	0.0391202518957	0.05532355615
966	0.152876539987	0.0236899885528	0.000665641866836	0.0385325462575	0.0546514868417
965	0.154266834681	0.0237322616637	0.000671232543763	0.0385858855287	0.0546527657035
964	0.154399455163	0.023599174276	0.000665501922187	0.037881254893	0.0540784055337
