Engine started up
Pred.Date	MaxError	MeanError	ErrorVariance	Q80%	Q90%
2010-12-14	0.244984300326	0.0480231598231	0.00204542411556	0.0572046710722	0.137677715011
2010-12-13	0.0956424383511	0.0226047951076	0.000368018033795	0.0266158961393	0.0540737779404
2010-12-10	0.126388801109	0.0257298439603	0.00138018337768	0.0479602402975	0.0938909670544
2011-4-8	0.0474683775759	0.0129162843959	0.000101428935525	0.022326798576	0.0251865623253
2011-2-28	0.0263747677456	0.00755300771972	2.04385655072e-05	0.0124898665527	0.0140094546859
2011-4-1	0.0822571312167	0.0213266327217	0.000425286252735	0.0407060087409	0.0559596839875
2011-2-21	0.16308700973	0.00737061529243	0.00025921973283	0.00697215816202	0.0123138770484
2011-2-23	0.110438371115	0.0185484301527	0.00043577331247	0.0401224481294	0.0537313629672
2011-2-22	0.0906042338628	0.0167531550538	0.000522275857238	0.0274702032158	0.0499204462604
2011-4-5	0.17323264476	0.0369208761894	0.00277069250323	0.0852758697078	0.142461170947
2011-2-25	0.176860422476	0.0400855297053	0.00305046345192	0.0771112757693	0.156311861097
2011-4-4	0.199636669222	0.0464650904139	0.00217218221297	0.0944981956683	0.110070718695
2011-2-24	0.080414670255	0.0247498590554	0.000384543281987	0.0443943765421	0.0519962197669
2011-4-7	0.0506180955638	0.0118312686825	0.000201768543101	0.0223499027813	0.0403732285345
2011-4-6	0.0208174596927	0.00348742802937	1.03288390654e-05	0.00508946851457	0.00680435897363
2011-3-8	0.0512392277262	0.0152520520297	0.00022139923079	0.0377296408778	0.0406531012137
2010-12-23	0.0402103601554	0.0128375491797	0.000125720277248	0.022319015628	0.0322378950285
2011-3-7	0.166016057528	0.0381885475375	0.00269850197482	0.0876491298605	0.133449924911
2010-12-22	0.0547978622957	0.0100039261252	0.0001414773127	0.021326328583	0.0248058249545
2011-3-2	0.0827047556892	0.0169928353772	0.000182560123826	0.0289011262772	0.032770805423
2010-12-21	0.283856938016	0.032979685061	0.00101373434041	0.0392917360451	0.0511940966396
2011-3-1	0.125461744682	0.0132897398833	0.000207594196673	0.0252155321043	0.0277320212996
2010-12-20	0.460385891893	0.0951684146401	0.0170696787933	0.199702153208	0.293259809726
2011-3-4	0.0400136591881	0.01198888995	0.000146486503824	0.0253100237513	0.0329169321344
2011-2-1	0.0409185968355	0.00453641860711	2.26928520653e-05	0.00621985209774	0.00860529431113
2011-3-3	0.110849260546	0.038114299039	0.000631749276615	0.0529079085588	0.0623867353844
2011-2-3	0.0824625287394	0.027840205568	0.000871248454339	0.0721392650307	0.075607602564
2011-2-2	0.0582226031267	0.0074451539806	8.35429424606e-05	0.00983328360791	0.0115233391718
2011-2-4	0.124835065753	0.0162376849156	0.000242965607801	0.0199063619321	0.0299882298103
2011-2-7	0.0481076345392	0.0124950406853	0.000285908270288	0.0386538868566	0.0441863586556
2011-2-9	0.0347409408769	0.00769075694161	4.58972118794e-05	0.0118776336111	0.0155095379177
2011-2-8	0.0150643023561	0.00501145581912	8.77530385733e-06	0.00765381828563	0.0102054265439
2011-3-9	0.0884734879586	0.0150893879989	0.000151943552472	0.0170932686715	0.0233666348148
2010-12-17	0.269350800492	0.0306371750895	0.0016473169039	0.080300497392	0.0987780352734
2010-12-15	0.0413645951274	0.0116641410267	4.63228636694e-05	0.0157375198956	0.0190592385059
2010-12-16	0.284181743852	0.0439786434507	0.00167126938492	0.0586614599056	0.0865188408992
2010-10-8	0.335046598122	0.0651865655816	0.0045683406668	0.132886837743	0.173612924709
2010-10-7	0.342929367971	0.0591713648068	0.00431549254015	0.0744652010614	0.154529128713
2010-10-6	0.0582101433848	0.0146539489224	0.000169381182524	0.0251137885634	0.0337346393066
2010-10-5	0.0289997069393	0.00990701296837	3.64327023694e-05	0.0155957830628	0.0183516300825
2010-10-4	0.130875392728	0.0148761999823	0.000173379336882	0.0191700525886	0.0312951009637
2011-1-21	0.22686799689	0.0316541108582	0.000979332542499	0.0382298779129	0.0541844973422
2011-1-20	0.0392223167002	0.00967361185543	4.57912658941e-05	0.0164503892251	0.0188092547766
2011-1-26	0.036384455093	0.0100650689823	0.000113184581351	0.0204439198196	0.0321647214481
2011-1-25	0.0960889294549	0.0300451535458	0.000954238433342	0.0692624115878	0.0794290749022
2011-1-24	0.202407415481	0.0407416924751	0.00188059697936	0.0673863571734	0.0900928117692
2011-1-27	0.0485265826161	0.00728330184034	5.96344056588e-05	0.0135061023915	0.0155466983
2011-1-28	0.0240838991871	0.00788588980964	7.02569493914e-05	0.0179468217714	0.02173882226
2011-4-19	0.192389642686	0.0588991111481	0.0022534535018	0.0833614793436	0.132709622915
2010-11-12	0.0392638921351	0.0178706862929	7.94374798175e-05	0.0265145415381	0.0284181309014
2010-11-11	0.174015679038	0.0357076813996	0.000580376296751	0.0531195138371	0.0618217411071
2010-11-10	0.121184054691	0.0381778061981	0.00108295814512	0.0663316909848	0.0881814725208
2011-1-11	0.0768697427439	0.0258718422686	0.000342165563139	0.0425982411593	0.0528933836883
2011-1-10	0.197972633228	0.0309450431477	0.000937152059099	0.0350597131526	0.0505489123039
2011-1-13	0.11765668808	0.0325393876182	0.00197380729287	0.103092253889	0.108223593623
2011-1-12	0.1181546741	0.0268733978643	0.000889869237525	0.0484332596488	0.0762190244004
2011-2-17	0.0241295964573	0.0062237725507	2.54782657433e-05	0.0102771431859	0.0129019715725
2011-2-18	0.145705423185	0.0300324409694	0.00190505544276	0.0837966364244	0.0950129289089
2011-1-14	0.0866111558314	0.0223872991529	0.000527694698288	0.0550427995452	0.0612030379262
2010-12-3	0.41354980292	0.160238256897	0.0210893198374	0.317443541215	0.374562348654
2011-2-16	0.0592596158136	0.0115821536752	7.23142209101e-05	0.0181767820658	0.0195715185552
2010-12-2	0.151845705217	0.0294280174208	0.000881778775685	0.0504145563617	0.0594025968322
2011-1-17	0.0806117352381	0.0277542220991	0.000439963200267	0.0477655544787	0.0647558601907
2011-2-15	0.294455424185	0.071559166957	0.0101401812977	0.194566182778	0.273484919076
2010-12-1	0.0246024600919	0.00861114654916	1.93134388238e-05	0.0121765519614	0.0146208358897
2011-1-18	0.0815605964006	0.0166527735792	0.000377328976925	0.0278286444729	0.046412985313
2011-2-14	0.0662305857888	0.0192496057194	0.000589534910645	0.0573354504056	0.0607914020182
2011-1-19	0.0545653888998	0.0141947167597	0.000201660409535	0.0220154606504	0.041888395578
2011-2-11	0.0664657943054	0.00816381134585	5.27438061485e-05	0.0138975690214	0.0170570818046
2011-2-10	0.0165630837735	0.00337252859616	1.19620057246e-05	0.00473598455671	0.00887712318073
2011-4-12	0.0206824949628	0.00547966631624	2.76000108283e-05	0.0098811918412	0.0143259156216
2011-4-11	0.0928492669309	0.0164705697558	0.000200821597941	0.0333025140681	0.0383992055693
2011-4-14	0.127064711423	0.0266545992697	0.0017040194298	0.0696246543373	0.105308502756
2010-12-9	0.786626454457	0.0211522448382	0.00131608012911	0.0376672674069	0.0482347484768
2011-4-13	0.0489239014239	0.00649943190608	5.13567551687e-05	0.0125704105987	0.0159073142073
2010-12-8	0.079043182485	0.0176482956623	0.000331578802526	0.0378448572355	0.0433811057216
2010-12-7	0.910053507054	0.0232725462292	0.00169194953367	0.0307638954701	0.0383316124214
2011-4-15	0.0924432930347	0.0218262461172	0.00078828843082	0.0459663478021	0.0770712938612
2010-12-6	0.223366031499	0.0481658986866	0.00401506178091	0.12463331259	0.164068895377
2011-4-18	0.282552591267	0.0659307603925	0.00925260313292	0.18069078516	0.240983232548
2011-3-29	0.102847036088	0.00585833437572	0.000134993999713	0.00555817479173	0.00708101340535
2011-3-28	0.0883505831623	0.0281143498437	0.000848727728211	0.0602964275031	0.0810612991558
2010-10-25	0.184940649368	0.0248770059631	0.000716330325374	0.0402753137745	0.0440591911112
2010-10-27	0.110789664061	0.0292309687874	0.000268950467705	0.0409159542702	0.0435386302167
2011-3-25	0.156659302204	0.0409359080333	0.00155434746447	0.0682976511249	0.0846893760845
2010-10-26	0.0888448122041	0.0370865954252	0.00049453692956	0.0562678190224	0.0677090129128
2011-3-24	0.0441523323924	0.0123560737565	0.000121399910414	0.0206352588199	0.0281555165225
2010-10-29	0.445115092256	0.0717144790313	0.0143345229086	0.0809856956195	0.299930520774
2011-3-23	0.122927232939	0.0192849571076	0.000433702766104	0.0312917499825	0.0373259929712
2010-10-28	0.0653077362402	0.0254221231342	0.000141719660386	0.0344025000748	0.0403832392913
2011-3-22	0.164624917498	0.0284154972768	0.000695989255828	0.0404845679981	0.0505774618341
2011-3-21	0.113266470902	0.0155839718584	0.000159985135353	0.0208137860022	0.0317524529664
2011-4-26	0.0409412764333	0.0110567570181	0.000150820310859	0.0215972348662	0.0339734800972
2011-3-18	0.16886392301	0.0627221658948	0.00192225412038	0.110188097947	0.127851458991
2011-4-27	0.197103802241	0.0402007001153	0.000595655546599	0.0486125679032	0.0679050321663
2011-4-28	0.0962725152251	0.0411555055713	0.000430911411696	0.0588898164356	0.0688681778765
2011-4-29	0.149000462494	0.0293833353538	0.000660122006132	0.0329531750093	0.0480035265764
2011-4-20	0.121817324748	0.0257423459123	0.000936635697257	0.0556325301071	0.0641342440442
2011-4-21	0.179459035115	0.0313783864118	0.000705161161087	0.0579552844564	0.0699060096759
2011-1-31	0.148062727444	0.0244127268381	0.000515117304233	0.0329580990869	0.0458353842372
2011-3-15	0.0168052568546	0.00375512079149	6.77349334312e-06	0.00543328550663	0.00696740066534
2011-3-14	0.061476210805	0.0153805526966	0.000406320961408	0.0409406079048	0.050495803199
2011-3-17	0.0942295588928	0.0145884875494	0.000268881465616	0.0263344045222	0.0418072468201
2011-3-16	0.0435388125923	0.0109563357987	0.000126844319543	0.0166931925784	0.0289021712765
2011-3-11	0.0586333331383	0.0134353899865	4.48651775815e-05	0.0199391567164	0.0207268173754
2011-3-10	0.465567666831	0.0950961547256	0.0226161507273	0.224491129476	0.403017587394
2010-10-11	0.0674833290299	0.0114288079664	9.89382609592e-05	0.0200730679252	0.0236945906454
2010-10-12	0.105545302258	0.0219300924114	0.000559421172088	0.0372545806774	0.0639232874806
2010-11-26	0.054029688678	0.00663154043161	3.19552652048e-05	0.00976308662192	0.0126361617256
2010-11-25	0.272972614407	0.0701433364981	0.00537345666356	0.177525545419	0.184475432419
2010-12-30	0.309311220411	0.0484337707327	0.00527917154407	0.0956416344762	0.144408224613
2010-11-29	0.0540237806774	0.0132766947504	0.000144419599257	0.0200594838452	0.0389992834017
2010-12-27	0.252002050504	0.0176592004042	0.00108768442308	0.0162432879938	0.0200428454196
2011-1-5	0.0459342481287	0.00597794526315	3.46679336163e-05	0.0104606487221	0.0125586775209
2011-1-6	0.0346997569883	0.006897425467	2.95777631814e-05	0.0107879633	0.0132843690262
2010-11-30	0.0353100318621	0.0092722833474	4.35276918279e-05	0.0131161025291	0.0189200766957
2010-12-29	0.155881156162	0.0329864353144	0.00219539376941	0.0924758109299	0.121020865619
2011-1-3	0.184638386003	0.0374718959593	0.00185747092347	0.0573954659017	0.0743530786086
2010-12-28	0.328259761297	0.0769962431706	0.0074647290831	0.158711694966	0.226259343886
2011-1-4	0.131650908709	0.0266512313498	0.000887272954037	0.0418968439848	0.0701497352824
2011-1-7	0.114631160621	0.014672423606	0.000186902894416	0.0205776512737	0.0260813500064
2010-10-22	0.0460193314265	0.0144526845128	0.000149739209999	0.0282169841555	0.032926195359
2010-10-20	0.381847411818	0.0749613695033	0.00914545382786	0.138106793738	0.250046040127
2010-10-21	0.082085473065	0.0253322844502	0.000131419217254	0.0324257086388	0.0378598473925
2010-11-17	0.0992203658003	0.0229807516107	0.000652528154706	0.0428712856684	0.0697841724844
2010-11-16	0.223963982853	0.0292308053768	0.00167417890378	0.0486084506473	0.0747799218257
2010-11-15	0.187386607728	0.0546744681793	0.00205155328856	0.104888427723	0.126398058783
2010-11-19	0.68151169083	0.0775236515769	0.0128317421661	0.0804126871496	0.112558020955
2010-11-18	0.120379230637	0.0483499049014	0.000919560927202	0.0729917095522	0.0914186396037
2010-11-23	0.0655806570311	0.0241875350977	0.000360063456205	0.0403758657586	0.051797615354
2010-11-3	0.562513290081	0.0974157088391	0.0113297034487	0.104779338702	0.188901324852
2010-11-24	0.332762561491	0.0433325757223	0.00367018830739	0.101685424811	0.164280153609
2010-11-4	0.13862712892	0.0421279720233	0.000623488352851	0.0527422266004	0.0789597317139
2011-3-31	0.103144256182	0.0195880117416	0.000825740749165	0.0399664700067	0.0801145721997
2010-11-1	0.332550312038	0.0489331417801	0.00390258850102	0.051138677712	0.0801497401861
2011-3-30	0.0388477562542	0.0112737664055	0.000139515358232	0.024037831423	0.0267683819555
2010-11-22	0.566362146714	0.13330348203	0.0266991916334	0.283954644995	0.408146404909
2010-11-2	0.899087397017	0.014120647649	0.00203866656012	0.0140268098666	0.025745627986
2010-11-8	0.177136209169	0.044582364259	0.0010306482498	0.0555223353738	0.0797829691632
2010-10-19	0.183732229342	0.0507565829682	0.00128221987542	0.0703486600612	0.094716910665
2010-10-18	0.191830726559	0.0477142000574	0.00178836804038	0.0944373507142	0.115177796946
2010-11-5	0.261764985724	0.0498772433597	0.00262915616948	0.0673482396778	0.109521768895
2010-10-15	0.0916633920453	0.0134238244364	0.000100247627927	0.0197239694804	0.0226311859667
2010-11-9	0.137793862584	0.0423282584919	0.00128695765419	0.0789283853726	0.0950872741948
2010-10-14	0.0557359387547	0.0128335547101	5.7151311522e-05	0.0177661522265	0.0238107253616
2010-10-13	0.124286382496	0.0224622918525	0.000495168249972	0.0426561435634	0.0480281593813

Pred.Minute	MaxError	MeanError	ErrorVariance	Q80%	Q90%
1032	0.195875625719	0.0162999496346	0.000719054197193	0.0227276745528	0.0344922030184
1033	0.19992884133	0.0160133686893	0.00076565003808	0.0230356791688	0.0346647430429
1034	0.200882045663	0.0157882258359	0.000759500275792	0.0218734090796	0.0325151187178
1035	0.200835622089	0.0149044120741	0.000654409923268	0.0208932368705	0.0310684127364
1036	0.202534651724	0.0144329670547	0.000646964616215	0.0193413852355	0.0306832001196
1037	0.135033921209	0.0128661056247	0.000438553734695	0.0159675967766	0.0287180126626
1038	0.133858799218	0.0115975831822	0.00035969435282	0.0156133637397	0.0284018410056
1039	0.126595154958	0.00984302843104	0.000262900566897	0.0131598323422	0.0202997132099
1024	0.149531066941	0.0185228949045	0.000613654823189	0.0254502720039	0.0465786470383
1025	0.17331755039	0.0185763207133	0.000655258173986	0.0257298445328	0.046157872813
1026	0.176695523193	0.0186667192361	0.000670995728576	0.0264013456294	0.0447682804528
1027	0.179835750758	0.0182205878346	0.000695771555814	0.0264118017442	0.0375673499388
1028	0.182745113866	0.0179143575365	0.000713172452633	0.0265074292926	0.039052098438
1029	0.18499146659	0.0175863016652	0.000746347859251	0.0247052764014	0.03663686636
1030	0.193062823344	0.0175806980946	0.000783832628479	0.025315096071	0.0371027112595
1031	0.194263619129	0.0165681489278	0.000724208613101	0.0214664285409	0.0350662149255
1049	0.0296622304115	0.000426623018111	6.54288376882e-06	0.000266160074652	0.000447462835869
1048	0.0297465063348	0.000739039809118	7.03878466074e-06	0.000665623423973	0.00126564729226
1051	6.07514322038e-09	1.52444983137e-09	1.4751057648e-18	2.26281080198e-09	3.1725377146e-09
1050	1.34602497367e-05	3.44787527193e-07	2.16491165183e-12	1.71371018512e-07	2.73378601329e-07
1053	6.07514322038e-09	1.52444983137e-09	1.4751057648e-18	2.26281080198e-09	3.1725377146e-09
1052	6.07514322038e-09	1.52444983137e-09	1.4751057648e-18	2.26281080198e-09	3.1725377146e-09
1055	6.07514322038e-09	1.52444983137e-09	1.4751057648e-18	2.26281080198e-09	3.1725377146e-09
1054	6.07514322038e-09	1.52444983137e-09	1.4751057648e-18	2.26281080198e-09	3.1725377146e-09
1041	0.140799204672	0.00870112778453	0.000272565176046	0.0101347524395	0.0182469304584
1040	0.129203685527	0.00916016010678	0.000251729187167	0.010828667997	0.0194392881516
1043	0.0817309095783	0.00532365913139	0.000109364615409	0.00629767558198	0.00966256424198
1042	0.082085473065	0.00631037479072	0.000147790903415	0.00748255075279	0.0119414365716
1045	0.0851941835355	0.00399557191353	9.72890141143e-05	0.00411103730799	0.00699546496531
1044	0.0834415342626	0.00493425744056	0.000107792793041	0.00516060344539	0.00790169912985
1047	0.0417224589638	0.0014785770236	1.9354060833e-05	0.00154442268319	0.00273165522861
1046	0.0402303529535	0.00239457581991	3.20535122695e-05	0.00280674759252	0.00389283567503
373	0.668797891736	0.0557264779776	0.00723740252523	0.0812823733573	0.131580171975
372	0.675969505756	0.0565955270373	0.00744145969939	0.0776075640597	0.142210340168
375	0.660640901777	0.0544487368642	0.00725213245638	0.0804241766153	0.13435047374
374	0.666142099674	0.055391430093	0.00719100778865	0.0804964393501	0.128923394123
369	0.272671215774	0.0478167277517	0.00314714988372	0.0815605964006	0.124140198954
368	0.269350800492	0.0479188663703	0.00306748555423	0.0822571312167	0.117710819178
371	0.68151169083	0.058395784635	0.00773057548488	0.0820212126135	0.158967941284
370	0.268461739254	0.0483197160255	0.00335056395693	0.0801417017604	0.124106682295
381	0.595513572029	0.050230897797	0.00687700847407	0.0700612894453	0.131238234302
380	0.600193829521	0.0519342320485	0.00692389075035	0.073404600745	0.131207786884
383	0.558765583946	0.0486332725531	0.00650514720287	0.0670245954767	0.115466162448
382	0.568867259606	0.0493863365763	0.00656866995495	0.0678870552288	0.125298017878
377	0.653969179355	0.0526089834993	0.00712932994077	0.075376424525	0.132238862319
376	0.66290579006	0.0538532877732	0.00726130411159	0.0768521051398	0.130031574169
379	0.60334530689	0.050705241271	0.00668489189159	0.0738067552748	0.131018295274
378	0.606957127075	0.051529216074	0.00669068152429	0.0770330194972	0.133075607021
364	0.399889877421	0.0344082271249	0.00267219587037	0.0489239014239	0.0878508430506
365	0.269098253148	0.0395494289923	0.00267459327393	0.0590765911506	0.0959659729597
366	0.283856938016	0.0406048841857	0.00251655165949	0.0667280400078	0.110322613489
367	0.271623390276	0.0432761109084	0.00262766402282	0.077825033622	0.104610250983
361	2.53483308092e-06	2.96706682863e-07	1.41523214171e-13	4.90445543506e-07	7.25255269102e-07
362	0.910053507054	0.030070316798	0.0154277443694	0.018623752965	0.0282659128068
363	0.612206649219	0.0333473934427	0.00540912628367	0.0338991615897	0.0598334582157
410	0.526184725958	0.0415204590329	0.00584931706018	0.0489224833761	0.103602520902
411	0.523570960441	0.0405988731312	0.0057374530604	0.0481717952819	0.0983486515107
408	0.529718758995	0.0428509904799	0.00597362890561	0.0506383094596	0.107449757114
409	0.527401492162	0.0423326844154	0.00591292689716	0.0496567611784	0.106706861212
414	0.512396269652	0.0407986987582	0.00581655290421	0.047073738559	0.111679213262
415	0.506013922266	0.0404082151202	0.00574566494835	0.046546347709	0.110473810467
412	0.52005812169	0.0399038611075	0.00564274098915	0.0482518101895	0.0960899307326
413	0.515155662761	0.0432237292321	0.00681997560234	0.0485742409214	0.11335041206
402	0.53875737235	0.0452671377345	0.00668467180336	0.0535517221104	0.09879820872
403	0.535200037588	0.0474201291896	0.00735559279411	0.0533896814513	0.110361357936
400	0.545176020663	0.04722245799	0.00702799314897	0.058567219669	0.0991685758133
401	0.54062112815	0.0460500212068	0.00682385352013	0.0542181085128	0.0999800696924
406	0.532465425331	0.0434244321671	0.00596711003357	0.0501601917095	0.104815325406
407	0.533540109551	0.0434081493077	0.00603362146157	0.051533242475	0.111164262027
404	0.534967461329	0.0469687029143	0.00733498879602	0.0523282574709	0.107479988712
405	0.534468001258	0.0471870779176	0.00733371674962	0.0540544946991	0.105902707446
395	0.47506954602	0.0395047816182	0.00475114873196	0.0509922338542	0.0986098239799
394	0.477862380655	0.0401910617016	0.00480611000053	0.0532447244551	0.101675753413
393	0.479681291727	0.0410786152949	0.00487032018601	0.0569853626653	0.103003343421
392	0.486785109466	0.041834767872	0.00493365142227	0.0542701817055	0.105374795825
399	0.553331413741	0.0482288068379	0.00723800522653	0.0603085953595	0.102263883042
398	0.562513290081	0.0457533095763	0.00680308322173	0.0601065483377	0.0961042741366
397	0.4698637237	0.0407543785595	0.00501797711625	0.0517409709663	0.095891378508
396	0.474603695605	0.0408455774263	0.00506437263232	0.0520194348205	0.0968525684617
387	0.517600469923	0.0454919229854	0.0054483760582	0.0636644310339	0.110861038356
386	0.52808693262	0.0461080580295	0.00561605109538	0.0598715234439	0.112494255396
385	0.539934521666	0.0485254733757	0.0065339203691	0.0652682850937	0.112731950643
384	0.552793263928	0.0496824989355	0.00679050447705	0.0663301760232	0.119448216625
391	0.491184874827	0.0431581022641	0.0051479884199	0.0564390663988	0.110207475804
390	0.498853776383	0.0438463364202	0.0053526465683	0.0575123523726	0.105630298072
389	0.504091982394	0.0444846822838	0.00539925815588	0.0586800598593	0.104784584006
388	0.509088460819	0.0454676423216	0.00550819917605	0.0598921331097	0.107298247012
440	0.566362146714	0.0360771553226	0.00491150543612	0.0466652460295	0.114647341571
441	0.558471931176	0.0353581606024	0.0047662478684	0.046204711841	0.0984295555846
442	0.55624616972	0.0350306133476	0.00469523686081	0.0460339032249	0.0982013352183
443	0.555907896849	0.0345476145004	0.00459806618109	0.0448369289947	0.0980244884473
444	0.553958125314	0.0342740255029	0.00454942645905	0.0445284624795	0.0978075932376
445	0.552356773473	0.0333636051098	0.00439913743245	0.04402820538	0.0916371706451
446	0.548418881772	0.0329058267139	0.00431757529218	0.04351919838	0.0912718626602
447	0.546980975268	0.0321484947028	0.00421104635588	0.0431981705643	0.0863152110136
432	0.46293969776	0.0376508330443	0.00492812425654	0.0472995205427	0.120496436938
433	0.45817849441	0.036423637188	0.0045935591146	0.0468780049763	0.119992841497
434	0.339819675145	0.0343010977542	0.00347654720794	0.046761291523	0.118864103442
435	0.332304801729	0.0337223526457	0.00335712071594	0.0462123318935	0.100614485511
436	0.332559798444	0.0329615209394	0.00321623790511	0.0459991016424	0.0999537105557
437	0.322481806602	0.0326988098951	0.00313133454234	0.0453138474894	0.0995225798275
438	0.320335260301	0.0323984028629	0.0030816421152	0.0446399427021	0.0991587903558
439	0.320678811348	0.0321074980241	0.00303331773447	0.0446064290978	0.0987526405417
425	0.488603004831	0.0374118608796	0.00518726016862	0.0417478584123	0.097282270664
424	0.489245721788	0.0368354342201	0.00508492151223	0.0411166946042	0.0933917041989
427	0.485315842861	0.0363756819821	0.00496606343119	0.0417078599663	0.103433290092
426	0.486538345103	0.0363657815041	0.00498050124839	0.0415213640555	0.0968134512811
429	0.475094314143	0.0354904026199	0.00477221272144	0.0412277746897	0.10206819346
428	0.482327355156	0.0359318075646	0.00487377576596	0.0415308559837	0.102591404158
431	0.471846969352	0.0351334937008	0.00461259429227	0.0407687806953	0.0998243889351
430	0.473962809108	0.0354036538967	0.00464845477223	0.0411670007429	0.100328543136
417	0.499242609896	0.0403158227905	0.00576668579937	0.045141336639	0.118402787104
416	0.50033305991	0.0400671640809	0.00567456021788	0.0452188300461	0.109147795142
419	0.494301904401	0.0396353309802	0.00563034417751	0.0448184574843	0.115353283814
418	0.498750996032	0.0401483208423	0.00572623308127	0.0448564558856	0.117071466732
421	0.493076040465	0.0394447083111	0.00553286152804	0.0472582198165	0.109914651415
420	0.492976950671	0.0391735590389	0.0055859935879	0.044155538193	0.11148062035
423	0.491114659938	0.0383497075653	0.00533149565003	0.0428450767823	0.108141734645
422	0.492268595379	0.038978124743	0.00540899244954	0.0443467462099	0.108841650277
478	0.447582651844	0.0293461627758	0.00293341398006	0.0472105974236	0.0808160276744
479	0.446583094266	0.0291397080531	0.00290939602321	0.046423118076	0.0797641532411
476	0.466454646571	0.0289827762401	0.00313029215053	0.0382107963263	0.0789106987397
477	0.453296145704	0.0290937458535	0.00300811967751	0.0435063996018	0.0823660418856
474	0.481752072438	0.0291502754088	0.00325678582657	0.039040996768	0.0794723382745
475	0.474493659386	0.0290583409578	0.0031887186409	0.0383453229196	0.0785739619947
472	0.487145301077	0.0287530500158	0.0032651955691	0.0387275453877	0.0759977558022
473	0.484801925874	0.0293017873272	0.00328774370713	0.0398677709316	0.0797153174598
470	0.488583816461	0.0293049659755	0.00335935847216	0.0401986260512	0.0779254633314
471	0.48774814813	0.0290289712627	0.003309419995	0.0391055602432	0.076814690478
468	0.494980852051	0.0291554936041	0.00343863509301	0.0407138282804	0.0788550934636
469	0.49085945852	0.0297477741925	0.00340595829562	0.0406265416717	0.0808033258934
466	0.498487398764	0.0296908048917	0.00351732298379	0.0397646785559	0.0795598878888
467	0.497308755855	0.0293774013966	0.00348225609749	0.0396095238982	0.0788706798929
464	0.50650509026	0.0303106296095	0.0036539930801	0.0407900535749	0.0806680862595
465	0.50438150478	0.0299658939696	0.00359145068855	0.0401121890424	0.0798992509606
463	0.509196086737	0.0304799410853	0.00372371636425	0.0408841927155	0.0811389364702
462	0.511731728169	0.0309603534553	0.00379207237284	0.0408847982007	0.0884617911253
461	0.514282183227	0.0311103109188	0.00381982673605	0.0434399548775	0.0888098907142
460	0.515144319441	0.0313798451998	0.00386365930764	0.0443370179504	0.0892177909314
459	0.516412593933	0.0315504421338	0.00388369786004	0.0455076533693	0.0895313131911
458	0.520865482385	0.0318025067021	0.00394167575744	0.0457503198759	0.0897779188904
457	0.521955508058	0.0320430618397	0.00396354033923	0.0461620161195	0.0900443577974
456	0.522374102564	0.0322653047013	0.00399245958071	0.0466897699384	0.0901560214925
455	0.523100719798	0.0324861602056	0.0040187031407	0.0467503968553	0.0913878642069
454	0.523299917191	0.0316664881591	0.00389846576315	0.0441076250398	0.0870205434787
453	0.5259982661	0.0319176452932	0.00394609266039	0.044710438944	0.0874556014097
452	0.530073318752	0.0315990786317	0.00397568523655	0.0423997924839	0.0875625000991
451	0.534281715113	0.0320998191042	0.00405394294865	0.0424773538638	0.0928946140577
450	0.535711974408	0.0318301512248	0.00403271375668	0.0430730871792	0.0892615461132
449	0.53907108366	0.0320851233401	0.004090337443	0.0439005847758	0.0893854591463
448	0.540744736387	0.0324001032359	0.00413820949334	0.0447746608025	0.089494818875
508	0.404050825941	0.0253889427887	0.00229905296824	0.0318500535036	0.0575876953886
509	0.401686641017	0.025275554357	0.00228301210737	0.0318421225276	0.0569906873079
510	0.40054914573	0.0256413288267	0.00228205598538	0.0331111985509	0.0614613132973
511	0.39993033596	0.0254857677115	0.00226641426185	0.032913669124	0.0605162183069
504	0.406674935264	0.025510259355	0.00236646743537	0.0384475020524	0.0590187244057
505	0.405082460977	0.0256498288259	0.00234732231668	0.0397526773804	0.0587733605934
506	0.404720395759	0.0256449923739	0.00232725492072	0.0396430684164	0.0581695559288
507	0.404229788567	0.0254492332505	0.00231297957352	0.0382173484724	0.0577458854505
500	0.408781043857	0.0268769992055	0.00254880326078	0.0397126666318	0.0606739677422
501	0.408586770452	0.0265696987917	0.00251539571349	0.0394502315006	0.0602118798412
502	0.408504925174	0.0264127723562	0.00249671272594	0.0390198944115	0.0594912294746
503	0.407608624511	0.0256755238015	0.00238533693451	0.0385102219757	0.0592580502217
496	0.411085307617	0.025973858518	0.00251017963034	0.0399748651987	0.0570393503088
497	0.409643928334	0.0257812347613	0.00248019964313	0.0398136346422	0.0565441952089
498	0.409853199396	0.0255504021913	0.00241328972124	0.0354830233997	0.0562822850444
499	0.409191074872	0.0260188734215	0.00242909470324	0.0387557100281	0.0587667269426
493	0.412471794202	0.0264620550776	0.0025982167644	0.0411172489197	0.0591209188462
492	0.413906200017	0.0266919114637	0.00264878998966	0.042039096848	0.0597243002621
495	0.412005484593	0.0261278713997	0.00252928452338	0.0402561905312	0.0573713110959
494	0.412177007551	0.0262813505648	0.00256552466264	0.0408054987321	0.0581798481716
489	0.421203749835	0.0273917751328	0.0027931603329	0.0434477941345	0.0646633087612
488	0.42210528456	0.0275249287546	0.0028200407439	0.0437632040573	0.0653248231633
491	0.414306163325	0.0269616787901	0.00271791652891	0.042588182518	0.0631796133793
490	0.417609251367	0.0272090849552	0.00276009055739	0.0433096356135	0.0637527893195
485	0.432556281154	0.02839210886	0.00302058195927	0.0444854625794	0.0671689829097
484	0.43618837796	0.0285811827457	0.00305888289814	0.0456072434365	0.0678447618332
487	0.425150516341	0.027771147607	0.00288005616355	0.0440477877962	0.0656594628048
486	0.428917403234	0.0280869198031	0.00297091834226	0.0439761591818	0.0660211605989
481	0.44281884095	0.0279043532107	0.00274888354756	0.0461304906748	0.0696361007464
480	0.443669533905	0.0285014133054	0.00282122990395	0.0462990277373	0.0739601791137
483	0.438859290465	0.0270424924063	0.00268101949048	0.0424200257073	0.0641801773815
482	0.440350932851	0.0275357763439	0.00271237690552	0.0456109780803	0.0670368726658
550	0.3514528593	0.0248572843947	0.00209147906765	0.0371287310685	0.0536349885573
551	0.352118924805	0.0250182740552	0.00210373971655	0.0374582330145	0.0538059403146
548	0.346509210489	0.0237689502502	0.00201121555485	0.0338522556173	0.0527252936885
549	0.348462232927	0.0243472556757	0.00206730298191	0.0373078289933	0.0533632542207
546	0.344284108235	0.0234802127569	0.00197387940413	0.0339317634298	0.0523844285225
547	0.344074272527	0.0236070333886	0.00199013315587	0.0339013928819	0.0524934906647
544	0.349665527201	0.0233925871339	0.00201647403704	0.0335228344524	0.0524028289429
545	0.344663223865	0.0232525192525	0.00195971304582	0.0337346224957	0.0523006584975
558	0.262823554119	0.0260278814627	0.00170166640408	0.0411166849202	0.0548452098626
559	0.262435052572	0.0260617434977	0.00170048280689	0.0412855661585	0.0550974726356
556	0.345435819618	0.0267657147243	0.00211449456032	0.0408649530012	0.0554285215877
557	0.263436816027	0.0259925263043	0.00170393518839	0.0414352369323	0.0545466538094
554	0.346429902806	0.025494903188	0.00210184747757	0.0396106248822	0.0540650371199
555	0.343791584856	0.0256953771224	0.00207922861352	0.039935525264	0.0543194954762
552	0.348773345914	0.0253308335342	0.00209064141552	0.0392781202497	0.0535846403293
553	0.347563189434	0.0253844504632	0.00209493385928	0.0398379202106	0.0538860964912
567	0.270229374299	0.0268819484324	0.00174828155053	0.0427319314541	0.0556165254625
566	0.269377659983	0.0269525351388	0.00176148010263	0.0431427637184	0.0554743762077
565	0.267609252447	0.0265173680654	0.00174089339397	0.0414297266009	0.0552479242949
564	0.267866236098	0.0264259034669	0.00173453509268	0.0410837928788	0.0553391005853
563	0.267899082959	0.0263788834438	0.00173662756339	0.0410673651879	0.0552167809075
562	0.266179450621	0.0262515322526	0.00171781074257	0.0417985622101	0.0554772552975
561	0.263250028195	0.0262289579173	0.00170905778643	0.0414906615004	0.0552760486344
560	0.262197053152	0.0261311532093	0.00170197368773	0.041502273494	0.0550565612532
575	0.278672107836	0.0269694794512	0.00185362944964	0.0366598540852	0.0574888270351
574	0.276188134207	0.0269472526678	0.00184489972937	0.036504921243	0.057506662053
573	0.274146504557	0.0267197577246	0.00182519606535	0.0366125190154	0.0565246102393
572	0.273739018746	0.0266504195413	0.00180669147143	0.036876510286	0.0559673729297
571	0.27058349749	0.0264643528769	0.00178423379207	0.0367472299779	0.0559641689575
570	0.270045689724	0.0264674755381	0.00176135008642	0.0367196998337	0.0555707043254
569	0.26968261357	0.0263722243252	0.00174533628469	0.0365488637623	0.0554689911327
568	0.270230177857	0.0265640238113	0.00175390965955	0.0399334530279	0.0554098042236
516	0.393679166296	0.0247174095843	0.00216508681163	0.0326864279032	0.0595171084248
517	0.390350507053	0.0245863939244	0.00213085896563	0.0366213712965	0.0536833172172
518	0.388476586962	0.0244584221898	0.00211124396224	0.0366225040727	0.0536162783177
519	0.387481323982	0.0243043419996	0.00209117586489	0.0362936952199	0.0533957492175
512	0.397679155638	0.0253948699367	0.00222856809523	0.0329039218444	0.0601808744762
513	0.397476813268	0.0251253426765	0.00220825362677	0.0329050723952	0.0599678459091
514	0.39723867021	0.0250215894136	0.0022035782037	0.0328949737504	0.0597614840065
515	0.395698611288	0.0249175900533	0.00218199399908	0.0328049282603	0.0596880735296
524	0.380442439112	0.0241785953773	0.00201751656999	0.0341712933106	0.0525369308577
525	0.375136439361	0.0239935559137	0.00197558431716	0.0340725998399	0.0525182483551
526	0.373075337134	0.0238484076343	0.00195688917357	0.0338720217985	0.052353184511
527	0.371645486161	0.0238173905123	0.00194074798789	0.0335268465937	0.0523312425686
520	0.385981569695	0.024166065317	0.00207157694977	0.0320847934129	0.0531485811649
521	0.38319379137	0.0238009934528	0.00202529887038	0.0320039933009	0.0521539925623
522	0.382143301654	0.0236361722849	0.00201193342976	0.031775664711	0.051964320073
523	0.38114421871	0.0229844893963	0.00185477362316	0.0316714911081	0.051902313522
533	0.350008631139	0.0230220881946	0.001754423527	0.0318364215518	0.0509795066069
532	0.351886133641	0.0231351257157	0.00178025289665	0.0333333515378	0.0512180962432
535	0.345454462148	0.0226158902592	0.00168626084038	0.0313541460494	0.0496356314632
534	0.348492641194	0.0228982254766	0.00173361865834	0.0317855125239	0.0496635246393
529	0.363879203519	0.0236677410825	0.00188281822392	0.0337015215332	0.0515238748709
528	0.367884067302	0.0237332541868	0.00191743877998	0.0334242088986	0.0515706248347
531	0.354417666947	0.0232901577567	0.00180142736104	0.0334333927231	0.051326777572
530	0.358588286515	0.0234583543368	0.00184151174924	0.0335576840752	0.0513564081101
541	0.350498692295	0.0226650842822	0.00198397409593	0.0301298920915	0.0505510276227
540	0.332052109378	0.0218255349173	0.00156100277252	0.0305172762068	0.0473410228762
543	0.348266069862	0.0229849631192	0.00200910912313	0.0304040402806	0.0514072820341
542	0.350773500732	0.02286314583	0.00201097553674	0.0302157229452	0.0509828530734
537	0.336309448542	0.0224541370272	0.00162557226505	0.030998536678	0.0493454160902
536	0.339764737505	0.0224456428138	0.00165507048046	0.0312666146894	0.0494718316844
539	0.332744780113	0.0218572215129	0.00157880798623	0.0291533829168	0.0475616489516
538	0.333681569034	0.0222459316688	0.00160882529297	0.0291554009607	0.0493291072012
610	0.29080371476	0.0311208350233	0.0021149721564	0.0413756567763	0.0708240893692
611	0.287398359556	0.0312020854926	0.00210256553513	0.0415339035634	0.0712332547663
608	0.28665721108	0.0314336746503	0.00209806040923	0.0430028525961	0.0746117574567
609	0.287073287376	0.0314784272361	0.00210848089811	0.0419289395236	0.0743136553844
614	0.290271484031	0.0310626789913	0.00206312233393	0.0405543897176	0.0675861035328
615	0.293474393039	0.0315130122513	0.00210225402128	0.04192086233	0.0710200941286
612	0.288606957659	0.0306879191676	0.00207806763149	0.0402636567744	0.0677305505314
613	0.29005179736	0.0307390554482	0.00206899217537	0.0402989441705	0.0677896752686
618	0.299809718737	0.0319116898897	0.00216008476106	0.0419757606969	0.0698180920194
619	0.299918668402	0.0319780203163	0.00215866036706	0.0419423201316	0.069515586611
616	0.292668446627	0.0318317901382	0.00214378387592	0.0414725541114	0.0700010816042
617	0.298086269762	0.0318724505976	0.00216198551473	0.0417041788373	0.0701961127468
622	0.307865425079	0.0328242867953	0.00225310525278	0.0441472511266	0.0746451807469
623	0.317353415128	0.0330423334983	0.00229452707651	0.0445094254391	0.0749646793023
620	0.303874619675	0.0311558285182	0.00199326468315	0.0425891685338	0.0683413451611
621	0.305258456136	0.0325362382436	0.00223865885373	0.0439227308144	0.074861226663
627	0.317164414839	0.0342279758738	0.00244278982204	0.0454831049771	0.0776350721192
626	0.317368670457	0.0339839919076	0.0024352697795	0.0446846451396	0.0775493607157
625	0.31919194826	0.0339302096844	0.00243699872789	0.0444387155128	0.0773264280193
624	0.318352660221	0.0331132689189	0.00231381325653	0.0444234486999	0.074893348191
631	0.397780548122	0.0366842422954	0.00330606616968	0.046326544462	0.080965991641
630	0.321552625834	0.0357229746492	0.00257992781286	0.0463876025845	0.0821041091884
629	0.318661516552	0.0357325952573	0.00256202901444	0.0461111619792	0.0822173283062
628	0.317128895805	0.0356585034988	0.00254943884869	0.0458194621201	0.0823234692221
635	0.395551163742	0.0368949369373	0.00329472963974	0.0471968310767	0.0806396571001
634	0.396590342159	0.0365644398804	0.00328146227055	0.0469829899549	0.0784556287945
633	0.396319432174	0.0366291582308	0.0033054138438	0.0466612163828	0.0808702265285
632	0.397012684623	0.0367879481685	0.0033008180246	0.0467530631753	0.0808817626896
639	0.392922736194	0.037563229699	0.00333496338172	0.049300460168	0.0810549370278
638	0.391833910304	0.0374370434548	0.00330247940256	0.0494453073112	0.0810477478933
637	0.391420130565	0.0370521631406	0.00329119160527	0.0492498016168	0.0808945923009
636	0.393704584802	0.0369980662229	0.00329502665159	0.0472828810245	0.0806390959864
576	0.278228279101	0.0271929061445	0.00187064268534	0.0367844700996	0.0592422605355
577	0.280197690854	0.027368217379	0.00189350455152	0.0371552071724	0.0595608617275
578	0.280705589044	0.0277185507499	0.00192973185773	0.0374743082349	0.0619472547175
579	0.281235578484	0.0285720261254	0.00197189253294	0.0377186875092	0.0627356388964
580	0.272908705845	0.0286220551496	0.00196204708477	0.0376429624493	0.0627534850933
581	0.274967124473	0.0287583057809	0.00198117972193	0.0380335466989	0.0634886107737
582	0.275450245144	0.0287935587386	0.00197186890255	0.0380744002963	0.0642616224387
583	0.276119541023	0.028270823824	0.00192962317685	0.0377962992231	0.0628273111789
584	0.281091260142	0.0283926574215	0.00196528715715	0.0378335097294	0.06376056443
585	0.281626813787	0.0285186833453	0.00199697144706	0.0379218826021	0.0634935935724
586	0.283530592118	0.0286935942542	0.00200348470215	0.0380116476068	0.0635597272409
587	0.281723385847	0.028593079515	0.00200160226826	0.037935540291	0.0652345305014
588	0.282041460641	0.0287026084808	0.0020151941622	0.0380167911348	0.065688697938
589	0.282656622048	0.028716521338	0.00201547611774	0.0380266439992	0.0651757875416
590	0.274722203728	0.0287196795755	0.00198966357222	0.0382978672481	0.0650114135635
591	0.275019735089	0.0288537326449	0.00200250751349	0.0385006694007	0.0661829888765
593	0.277139361359	0.0290184563743	0.00201519847558	0.0388402280259	0.0664010120148
592	0.277288077678	0.0288384078297	0.00200888041024	0.0384421356564	0.0660494300758
595	0.277563510367	0.0291527744826	0.00203478673819	0.0384036922223	0.071583918721
594	0.278232792301	0.0291563233369	0.00202909070357	0.0383607006142	0.0713628101849
597	0.277923916058	0.0297344208174	0.00203986388031	0.0402496930478	0.071815760966
596	0.27790510554	0.0291354187778	0.00203586369883	0.0382922581692	0.0717084813629
599	0.279407476313	0.0306478492852	0.00205738731993	0.0402313770161	0.0723484874722
598	0.279228521001	0.0300153576404	0.00204761585472	0.0403965778062	0.0720857364182
601	0.278916690679	0.0309762330083	0.00209569885246	0.0410595917115	0.0734528085626
600	0.279095928506	0.0307355963636	0.00207344796109	0.0403632473023	0.0728010424168
603	0.285321796201	0.0308991657522	0.00211295379579	0.0418376986985	0.0706104018193
602	0.283166632413	0.0308468028326	0.00210633436959	0.0415822362894	0.0703096465921
605	0.284310737137	0.0311968397345	0.00211464785151	0.0429469666652	0.0746872812065
604	0.285158064445	0.03102427956	0.00210926167547	0.0427434878268	0.0711038700815
607	0.28623043058	0.0314020795269	0.00210261772984	0.0430991322188	0.0745597772219
606	0.2851461483	0.0312779888448	0.00209921833506	0.0428718085433	0.0735347605506
687	0.453207650574	0.0398909353073	0.00451446539901	0.0477882483324	0.0702555716107
686	0.452111933037	0.0395799124273	0.00446329847235	0.0479620906648	0.066382599775
685	0.450697231308	0.0400747878327	0.00444676488013	0.0480931539022	0.0698542461244
684	0.450445094334	0.0399033897786	0.00442432502089	0.0482236943043	0.0692778743583
683	0.450964112543	0.0396310784441	0.00434831997651	0.0481932748988	0.0686775213775
682	0.412973197123	0.0393526494301	0.00414536888224	0.0482233134946	0.0686734871677
681	0.415540415744	0.0393895687697	0.00416394748864	0.0482047545221	0.0686310154957
680	0.416191571227	0.0393560610978	0.00414991548934	0.0490458032734	0.0682803823131
679	0.415808287254	0.0412349004214	0.00454214317674	0.049121379205	0.0725122607631
678	0.41647287252	0.042373114488	0.00469465652582	0.0522384729028	0.0765195918364
677	0.416761610359	0.0416828312353	0.0045111546054	0.0528570108769	0.0726728547529
676	0.41984524491	0.0416034508033	0.00452909948477	0.0494799152162	0.072371166027
675	0.415267035821	0.0417504458243	0.00457562955706	0.053261379203	0.0723787803456
674	0.415229789691	0.0415609018085	0.0045727447968	0.0528385741532	0.0722305906363
673	0.414923928867	0.0415120796491	0.00456884033911	0.0510237344931	0.0722365344091
672	0.415918568908	0.0415375309951	0.00459091940967	0.0505812667641	0.072232356695
702	0.426546611508	0.0386406213224	0.00382895446753	0.0441815882766	0.074615756099
703	0.427261037352	0.0358740900042	0.00318189745702	0.0441317281868	0.0723664606686
700	0.423919110465	0.0375876196999	0.00378536511242	0.0433092581554	0.0718580228115
701	0.423415595265	0.03856063838	0.0038173303213	0.0452901009562	0.0746529262387
698	0.435580523403	0.0381346788123	0.00386142864036	0.0450243113095	0.0713903535267
699	0.427236466381	0.0379766564401	0.00379679394492	0.045677385298	0.0693252582544
696	0.436737984388	0.0383308054372	0.0038994499156	0.0475050417891	0.0704981075311
697	0.436628278168	0.0382465249656	0.00389331443222	0.0448043807978	0.0724622158333
694	0.439380952188	0.0386236217403	0.00391992017546	0.0472700425768	0.0710802748606
695	0.439114815043	0.0385091833662	0.00390325692986	0.0463987291621	0.0707210765897
692	0.447516706753	0.0389183447135	0.00413631616173	0.0462582452394	0.0708080062253
693	0.443164824934	0.038887119931	0.00401980813483	0.0472214922153	0.0735692959289
690	0.465232154626	0.0401438711703	0.00452205879256	0.0473894337423	0.0708520383205
691	0.451855175051	0.0392831849298	0.00409539369684	0.0479231345578	0.070988716434
688	0.453272642546	0.0400301179659	0.00449341524925	0.0476999250748	0.0709166214952
689	0.465567666831	0.0400572506479	0.00454713450667	0.0474341813108	0.0709755258131
653	0.42229079059	0.04284643033	0.00463286828625	0.0511802358039	0.0837240437773
652	0.424728774123	0.0427860826983	0.0046518426203	0.0513120328085	0.0831892025586
655	0.422950640674	0.0430233721584	0.00464823522017	0.0511496233478	0.0838330956695
654	0.421639426195	0.0429209078554	0.00462908634668	0.0512174233091	0.0838814573613
649	0.417168716043	0.04115299824	0.00454683705473	0.0502282356198	0.0821525356059
648	0.409978365447	0.0409033599433	0.00450125183457	0.049582869777	0.0821179561724
651	0.423353255344	0.0418365883826	0.00463434649799	0.0506180955638	0.0829744593753
650	0.419975356983	0.0415783181867	0.00454591864626	0.0504773203136	0.0828032385603
645	0.402237042521	0.0407317940752	0.00440251730694	0.0507007061073	0.0826017739786
644	0.403539450396	0.0405238132763	0.00434167004148	0.0507859142335	0.0825288929202
647	0.40966906504	0.0408574630763	0.00447415421444	0.0503149230682	0.081925082556
646	0.405457747431	0.0408279307362	0.00446326445223	0.0507027790986	0.0827379119422
641	0.400137276011	0.0403314433275	0.00427726658579	0.050494649201	0.0825647313393
640	0.396188435435	0.0404564598925	0.00421856745706	0.0504182672885	0.0832011792056
643	0.400089162654	0.0403666205484	0.00427706762417	0.050822684076	0.0828477868871
642	0.397597572453	0.0403345889494	0.00427748820166	0.0507868422944	0.0827546676575
668	0.420057536501	0.0414345604757	0.00465215612463	0.0508515342755	0.0735967706977
669	0.417329791695	0.0414794393978	0.0046226895055	0.0511753133038	0.0730871141311
670	0.416247162906	0.0415658487829	0.00462473623016	0.0510680726197	0.0731794299389
671	0.414587373619	0.0415066398429	0.00457872220412	0.0506452937232	0.0718737827548
664	0.420600301571	0.040630510706	0.00469245015396	0.0492327714712	0.074765543017
665	0.419349524231	0.0406867414582	0.00471631971928	0.0492330620818	0.0746941620943
666	0.419240243697	0.0407232875452	0.00470472123741	0.048913412321	0.0744238664464
667	0.420382791689	0.0415083582669	0.00472861485195	0.0505899313503	0.0746535384406
660	0.425077178602	0.0412108824435	0.00476629593405	0.0472866098958	0.0800198736553
661	0.424021875336	0.0416642119513	0.00481643317024	0.0482709651042	0.0809996848745
662	0.423592181843	0.041160285388	0.0048183620707	0.0470933298169	0.0773475953569
663	0.422343559604	0.0417388487215	0.00482297779405	0.0497185796023	0.0772021376503
656	0.422257388209	0.0428724866239	0.00470065225194	0.0500674055797	0.0818668860999
657	0.420923981961	0.042810192694	0.00476380734034	0.0486883304512	0.0839886972406
658	0.424199815048	0.0425407599148	0.00483940208242	0.0474787778623	0.0842496496856
659	0.424855052634	0.0427115316122	0.00489333031132	0.0473951512528	0.0843947022772
747	0.34627269141	0.0349789433164	0.00258082012172	0.045597746085	0.0893789336926
746	0.348666390754	0.0347554374355	0.00255991540053	0.0458499610945	0.0880005516524
745	0.348266920707	0.0351247301328	0.00259166271714	0.046409586065	0.0882700128428
744	0.351100330526	0.0350988744202	0.00259871699439	0.0462184305417	0.0879710325695
751	0.455569810026	0.0405751768097	0.00370386844919	0.0604340570169	0.0936473561093
750	0.451329357858	0.0405652284449	0.00374142406696	0.060137637278	0.0949604210819
749	0.449057565099	0.0405313508456	0.00372289710351	0.0600692734752	0.0951370918429
748	0.448751752072	0.0402698323603	0.00374869764632	0.0603194111318	0.0930296755178
739	0.350762630717	0.0348333954961	0.00256304737852	0.0444752553525	0.084716780137
738	0.355559210099	0.0348912701496	0.0025707177603	0.0444863248327	0.0846870046243
737	0.355889028895	0.034904844602	0.00257197763079	0.0434124516402	0.0846562289256
736	0.357516778705	0.035181438329	0.00257683509362	0.0431119400672	0.0851797612755
743	0.349830304493	0.0351467935942	0.00259642700395	0.0455910268729	0.0877817275975
742	0.35055290812	0.0351804549602	0.00260225553457	0.0455032771325	0.0864337650819
741	0.350503010413	0.0346401466499	0.00258588293875	0.0434597948045	0.0845584427183
740	0.3510274708	0.0346122135604	0.00257229970156	0.0439772782912	0.0842295430551
762	0.445255693313	0.0365027195757	0.0031407539278	0.0550458178058	0.0899717248009
763	0.448357530339	0.036258778762	0.00312630294937	0.0544758837836	0.088787618841
760	0.449847445274	0.0371721915547	0.00325055820038	0.0558785997898	0.0911936629541
761	0.44853191158	0.0370388531024	0.00321508626053	0.0554741849475	0.0906003625224
766	0.447482811365	0.0358928424849	0.00306731677887	0.0517183160124	0.088177676729
767	0.445587727018	0.0361485555251	0.00306837539576	0.0527574847711	0.0874677298108
764	0.447867134721	0.0361680053641	0.00309399538099	0.0538708708546	0.0890269724491
765	0.44786658376	0.0360091660337	0.00307835894088	0.0515876034184	0.0887133224839
754	0.453800080108	0.039156589135	0.00340856517019	0.061614696759	0.0927960523927
755	0.460385891893	0.0386913779016	0.00342350449322	0.0601601350331	0.092692640676
752	0.452458271785	0.040312407103	0.00364051205215	0.0600539477137	0.0932208258587
753	0.451353485301	0.0402357100675	0.00356800816318	0.0608975654468	0.0929734241184
758	0.45519372864	0.0383318133662	0.00336462625265	0.056345754714	0.0928373935453
759	0.452986407083	0.0372848401777	0.00327688041064	0.0555497073827	0.0908819991983
756	0.459333418529	0.0385854383556	0.00341825515189	0.057771053252	0.0929091081334
757	0.459655192908	0.0385013813437	0.00341632801907	0.056236003841	0.0930401610638
713	0.400144668595	0.0337120054328	0.00270471042703	0.0438567208167	0.073367165381
712	0.397017189824	0.0338725296246	0.00267563296441	0.0444047773011	0.0727918010404
715	0.400834126247	0.0361622805166	0.00280267078793	0.0465940796893	0.0784876643496
714	0.400390405218	0.0340728716247	0.00268190459484	0.0440754981288	0.0738859122289
717	0.399400186096	0.036778021103	0.00283128633961	0.0495327209301	0.0792107449362
716	0.400116116569	0.0362691073938	0.0028055936231	0.0466275993891	0.0791267366151
719	0.401735793761	0.0374711227956	0.00288566258252	0.0526841318923	0.0810519404121
718	0.399081800443	0.0372992061334	0.00285770496115	0.0508445640739	0.0806506390288
705	0.425439092398	0.0330989823427	0.00276669021479	0.0440658161751	0.0719214034281
704	0.424278395671	0.0332195710071	0.00275610720471	0.0440955887754	0.0711467138838
707	0.422685923387	0.0328819480204	0.00274520465728	0.0441800368128	0.069906851243
706	0.422409558175	0.033047839009	0.0027601353671	0.0443984588388	0.0725867432727
709	0.418292390507	0.0332134589813	0.00272298294087	0.0437128844223	0.0717461210199
708	0.419538597623	0.0334215911899	0.00273931079606	0.0446266938847	0.0749334456024
711	0.398166192081	0.0333508116573	0.00265275672123	0.0444876071448	0.0720104269638
710	0.409524029262	0.0332191503586	0.00269709260779	0.0443446033226	0.0716627737787
728	0.371380618652	0.0358782085217	0.00248646064415	0.0447637910769	0.0825602004796
729	0.368028782945	0.037125393999	0.00294006223116	0.0457324190321	0.0823279241083
730	0.365863781655	0.0352054018164	0.00247212408281	0.0464991557066	0.0822249651367
731	0.363865067585	0.0355922325663	0.00248388061809	0.045943697464	0.0825230995843
732	0.359866375497	0.0355292972551	0.00245539723799	0.0439766755772	0.0827661254265
733	0.35593019275	0.0361751841436	0.00254418895094	0.0440596324349	0.0898993003839
734	0.356712207954	0.0363900802554	0.00255693613507	0.0432676693774	0.0891413932153
735	0.356821155981	0.0361623631989	0.00257130527904	0.0443091066976	0.0896045963912
720	0.402902512919	0.0339960846668	0.00247477628585	0.0452982656953	0.0775257550134
721	0.403094303711	0.0339694591336	0.00245299121745	0.0477141930307	0.0773847586698
722	0.403318454766	0.0339017990596	0.00244020845161	0.0478050306349	0.0778271972256
723	0.403572013259	0.0338809109552	0.00243854767238	0.0478572281079	0.0778993085276
724	0.401553465775	0.0340712726157	0.00243191362408	0.0459107227918	0.0784647338347
725	0.403653297026	0.0352510510614	0.00256287654974	0.0461426735975	0.0795010063196
726	0.400552248258	0.0354927149137	0.00259526895068	0.0462978406763	0.0808587785324
727	0.398927185883	0.0360668352339	0.00260645058645	0.0463040778316	0.082116937026
821	0.295101381277	0.0245669237813	0.00126247855382	0.0395902818149	0.0621591345377
820	0.2951496004	0.0250842430499	0.00132609049887	0.0397677823132	0.0670691101693
823	0.29024326546	0.0244095368955	0.00124848764568	0.0423647556439	0.0607812130187
822	0.289671565623	0.0244846464408	0.00124634059808	0.0423810867079	0.0610199727902
817	0.293881303073	0.0266477117175	0.00146068514708	0.0434984620193	0.0670773981393
816	0.297366836835	0.0271224833769	0.00151065790918	0.0437678740114	0.0712484721586
819	0.297469032879	0.0264913903496	0.0014707485977	0.0431809237589	0.0710155341191
818	0.293385938451	0.02643959391	0.00145205097829	0.0433226931364	0.0707418781415
829	0.287252552302	0.0225909337157	0.00108553962653	0.0412494929253	0.0567211241703
828	0.287855545023	0.0226560354084	0.00109264489416	0.0413614695563	0.0571526067551
831	0.286172712372	0.0223571738797	0.00107029532828	0.0403722306497	0.0581293014413
830	0.286404025063	0.0225312723498	0.00108661239515	0.0408209902803	0.0581978418795
825	0.290108329388	0.0235795426321	0.00118195734451	0.0416453955761	0.0598325514225
824	0.290463113403	0.0239387145004	0.00121156181783	0.0415735619068	0.0602672686502
827	0.288229417138	0.022807145771	0.00110592711798	0.0412791483677	0.0582530933511
826	0.289569255148	0.0228489489957	0.00112599705088	0.0413259798923	0.0588296569399
804	0.408826320867	0.0306968987557	0.00221936871658	0.0479037792764	0.0796314280323
805	0.406934870621	0.0308717899737	0.00221500639507	0.0484966887936	0.0794581129322
806	0.404802522336	0.0308387254718	0.00219114274246	0.0483679431463	0.0793187826081
807	0.401187040777	0.0307972034833	0.00215187478796	0.0504871253962	0.0784656946594
800	0.412512602007	0.0308509692222	0.00224953604201	0.0477561442882	0.0780590262691
801	0.413553305721	0.030627933492	0.00226028109102	0.0478747011356	0.0762789197538
802	0.409325415172	0.0303748790942	0.00222645807985	0.0478772459982	0.0757088551512
803	0.409494985753	0.0302265982434	0.00221372594234	0.0474985565249	0.0757141874411
812	0.292973717999	0.0281732506016	0.00156263739498	0.0470380515966	0.0719004229387
813	0.292575436865	0.0280281777049	0.00154662205277	0.0470362395287	0.0717417907725
814	0.29343708606	0.0277319690013	0.00152658848592	0.0459540075721	0.0717097220575
815	0.296045506067	0.0272272061019	0.00151410300862	0.0437782654868	0.071684691257
808	0.297864780607	0.0286717534867	0.0015927194524	0.0467889125228	0.074758475603
809	0.294343486253	0.0283134995804	0.00158221545627	0.0467710932243	0.0744282047194
810	0.292784106101	0.0284772265545	0.00155860791866	0.0466514638161	0.0743711398419
811	0.293070616637	0.0282664177013	0.00156122531258	0.0468265847125	0.0726454362873
791	0.417324315598	0.032735201883	0.00246489056367	0.050640927461	0.082658012504
790	0.420450457349	0.0330061109806	0.0025250165499	0.051165280475	0.0857636118756
789	0.420576215807	0.0329135449571	0.00251782351412	0.0503164104214	0.0827988282875
788	0.426064585326	0.0336317185438	0.0025806761037	0.0520462054732	0.0829546225774
787	0.427969873291	0.0338361443034	0.00261963471086	0.0530171187707	0.0832855050201
786	0.428778010772	0.0341605383976	0.00265676931529	0.053693744977	0.0829909900822
785	0.427474007181	0.0336328490423	0.00260825204115	0.0532552174074	0.0830450228377
784	0.433388181522	0.0334258221867	0.00259194218052	0.053406443468	0.0822147945854
799	0.411811503032	0.0314077821161	0.0022893497076	0.0482135091404	0.082873594992
798	0.408216046625	0.0320412613391	0.00234484812294	0.0488925524951	0.0869828806456
797	0.40796657409	0.0314163171075	0.00232419046141	0.0495603521929	0.080442709771
796	0.409183839655	0.0316786207223	0.0023483870022	0.0493230581291	0.0807961950871
795	0.410231059685	0.031912761786	0.00237850638213	0.049518217566	0.0809846317363
794	0.406444642299	0.0316829668847	0.00232128211663	0.0499376870364	0.0816818210301
793	0.413296048745	0.0327111351492	0.00244396863708	0.0501603033069	0.0856692657893
792	0.417099184692	0.032561946548	0.00245512771045	0.0505844317354	0.0822973735157
774	0.444442706041	0.0354839170701	0.0029377328762	0.0520774802464	0.0858612396825
775	0.444205319806	0.0351690487634	0.00291198222263	0.0514494061273	0.0857041192127
772	0.442456977692	0.035596964525	0.00298185331929	0.0523541453705	0.0829797445049
773	0.442926881322	0.0357348229248	0.00299415203606	0.0524530738417	0.0862928757503
770	0.444481086039	0.0352429559631	0.00302732281901	0.0472151250988	0.0792914524261
771	0.440071782102	0.0350372538665	0.00296666882646	0.046961249817	0.078990731735
768	0.444130072013	0.0360287684739	0.00305042617506	0.0528060537175	0.0866561482049
769	0.443425130862	0.035388461425	0.00303901759037	0.0500035154783	0.0793465234846
782	0.43583560602	0.0337247125699	0.00264731799734	0.0500822648135	0.0822614499412
783	0.43460210764	0.033576225557	0.0026146933215	0.0532855948758	0.0824115209948
780	0.436723434211	0.0342986667291	0.00273777549704	0.0488257292946	0.0856365219647
781	0.43666949164	0.0338004428686	0.00267414849237	0.0480910413235	0.0833387377385
778	0.437952149707	0.0353863559506	0.00276765997947	0.0520794646094	0.0871654550852
779	0.437529249144	0.0347606637963	0.00275522885593	0.0522449317142	0.0861154804676
776	0.442070203215	0.0350775275636	0.00288085444046	0.0506093654355	0.0865175748602
777	0.438014249806	0.035187613926	0.00284911759438	0.0495493923047	0.0866476418943
881	0.176125905268	0.021370403305	0.000667816172699	0.029978749513	0.047789204831
880	0.175996847598	0.0216273229424	0.000669748113045	0.0300679169437	0.047577847644
883	0.175534056531	0.0214046061814	0.000671094006627	0.0301872432624	0.0477883794895
882	0.17573947065	0.0213904037948	0.000667916764003	0.0301013090054	0.0476319156905
885	0.174489119685	0.0215597790173	0.000668508008709	0.030161939369	0.0476080239309
884	0.175116313414	0.0214291945115	0.000669699111588	0.0300512382633	0.0478945522558
887	0.173429268541	0.0216604394781	0.000669454443131	0.0297794071258	0.0488455099319
886	0.174043203165	0.0215800019856	0.000667758406633	0.029803990403	0.0478719225571
889	0.173125994795	0.021874938867	0.000695024169779	0.0306048565025	0.0502887041616
888	0.17338264151	0.0218520253075	0.000690834315692	0.0303715567598	0.0500130830154
891	0.172718622592	0.0220138575691	0.000706789601745	0.0312051821741	0.0519974997295
890	0.17270416182	0.0219325924306	0.000698861881671	0.0307545466222	0.0506054362133
893	0.171861137679	0.0221177472229	0.000710100099146	0.0313124469831	0.0543728275404
892	0.171906361082	0.0220624779168	0.000707399211458	0.0312450066053	0.0540556719779
895	0.171703805353	0.0220301568785	0.000709450549418	0.0310430575147	0.0546873488185
894	0.172173123842	0.0222048693265	0.000712408685582	0.0313235764911	0.0546804399118
864	0.202298511212	0.0169155481456	0.000581335116214	0.0272801826779	0.0420032844926
865	0.200333732864	0.0167697532134	0.000571671684285	0.0266032763841	0.0415105411463
866	0.207673140873	0.0167362653314	0.00058270542281	0.026819258071	0.0414538233463
867	0.20561895046	0.016515691776	0.000567977159931	0.0267441358485	0.0408566959707
868	0.20512678996	0.0164175499742	0.000563497454162	0.0265762500903	0.0404046844725
869	0.201920553262	0.0162543165719	0.000549215033175	0.0262288479632	0.0396034890483
870	0.19871534562	0.0160828850812	0.000535571333203	0.0258546001127	0.0393647898263
871	0.198832454633	0.0162538584868	0.000539559298892	0.0261882371308	0.0399898124415
872	0.199600790997	0.0164115112853	0.000544893459246	0.0264667521293	0.0408853021586
873	0.200107602054	0.016481767658	0.00054772552176	0.0267502544743	0.0411306131373
874	0.200681072825	0.0165693622643	0.000550507332878	0.0272328844652	0.0413100744035
875	0.200702013316	0.0165361892789	0.000553665004579	0.0273355865875	0.0414149738975
876	0.176860422476	0.0214342680422	0.000663903815452	0.0295941614396	0.0482471608549
877	0.176280368391	0.0214833002528	0.00065969224226	0.0299813024679	0.0478811855166
878	0.17596823799	0.0216375771086	0.000668363318463	0.0303627351586	0.047917756572
879	0.175601556707	0.0215738396017	0.000667913767751	0.0300550254666	0.047850714275
851	0.24902311028	0.0194858141504	0.000747240393824	0.0333284811732	0.0491101637959
850	0.254156672378	0.0194248225832	0.000756808631062	0.0336835077724	0.0471508008442
849	0.253983705638	0.019560336912	0.000760657279525	0.0339224339025	0.0473591036169
848	0.253212520494	0.0194764534965	0.000766151245186	0.0339746042881	0.0468688028121
855	0.244509322855	0.0192647471102	0.000777267595494	0.0319672389492	0.0482229236088
854	0.245537588801	0.0194046330748	0.00078567281209	0.0320344259164	0.0484729783013
853	0.246964982377	0.0196022143387	0.00080525548662	0.0324069305714	0.0487720995825
852	0.247311436966	0.0193349215692	0.000735302535098	0.033037970341	0.0489753068393
859	0.241154262611	0.0179417085193	0.000712215257514	0.0304547991619	0.0438716465607
858	0.241152798457	0.0182139988886	0.00071911523654	0.0306882000769	0.0444651081671
857	0.241174648706	0.0184589911481	0.000726503402235	0.03097671759	0.0448132572131
856	0.242569453061	0.0188968462794	0.000754557788295	0.0313550777279	0.0477179574424
863	0.206252015799	0.0170054147454	0.000595507002868	0.027667836051	0.0423636978437
862	0.209836665998	0.0171653097681	0.000609394642391	0.0280059152602	0.0424492547969
861	0.239750538789	0.0177100487508	0.00070103663342	0.0295031108716	0.0427588538285
860	0.240359589892	0.0177685305349	0.000706711226283	0.0299617762827	0.0434366105187
834	0.280850129809	0.0215724707867	0.00101155535688	0.0390265930621	0.0570875825008
835	0.279619232051	0.0213680271451	0.000990981624943	0.0384775396368	0.0564387739129
832	0.283115898978	0.0219372837507	0.00103900508213	0.0396972983045	0.0579617559236
833	0.2822085703	0.0217270489782	0.00102277374364	0.0393661049237	0.0575798635898
838	0.275815327575	0.0206323578506	0.00093459298004	0.0367343942855	0.0507448389048
839	0.261277910212	0.0207974439078	0.000875913213551	0.0364336279834	0.050995352777
836	0.278465129691	0.0208309361239	0.000967417349824	0.0380740867429	0.0509331060223
837	0.27755947373	0.0206087184166	0.000952013144186	0.0372948097793	0.0505982076586
842	0.256802822638	0.0204720902402	0.000819533349116	0.0353996601226	0.0494143990139
843	0.252979847596	0.0202338639198	0.000801799596224	0.0350238873234	0.0492075443389
840	0.260563490623	0.0207853561333	0.000867183397777	0.0362301638133	0.0506534980369
841	0.259351730386	0.0205181528866	0.000855945820846	0.0356903152921	0.0502415618083
846	0.253532010327	0.0197764373917	0.000787536259483	0.0343546887309	0.0476012475328
847	0.253540092311	0.0195974004392	0.000774984399545	0.0332413930686	0.0473689473626
844	0.253678963504	0.0200866016897	0.000798008434647	0.0348370264587	0.048635361822
845	0.252857681905	0.0198772845008	0.00079084317602	0.0346137407089	0.0476859138
956	0.151004348508	0.0248020418009	0.000862743351535	0.0371625175977	0.0604717146539
957	0.150932339411	0.0250336963455	0.000872488959593	0.0395778446402	0.0601078823286
958	0.151249967195	0.0251505585017	0.000860685217263	0.0402759215977	0.0599156972421
959	0.14999466378	0.025236930477	0.000859419380695	0.0395993425923	0.0600245615416
952	0.155106491012	0.0239915907288	0.000816181453796	0.0360638044107	0.0605934275688
953	0.154756601429	0.0241877263858	0.000823167917075	0.0361782309119	0.0608171694227
954	0.152959523867	0.0244275063696	0.000825640946926	0.0371916171855	0.0605888023108
955	0.152398116958	0.0246844908555	0.000858589093102	0.0372458235625	0.0612190641191
948	0.158367876901	0.0237632028524	0.000802184816335	0.0354670062752	0.058970782572
949	0.157313092049	0.0238911191655	0.00080476325413	0.0354654129665	0.0601093057482
950	0.15619142519	0.0239142093211	0.000811607849457	0.0356356597625	0.0606881302831
951	0.155527086195	0.0239571424386	0.000810007888125	0.0358691074928	0.0607460488355
944	0.15953696177	0.023827572095	0.000818607891576	0.0352568774566	0.0610866821877
945	0.158994570745	0.0238827114371	0.000814062572201	0.0354228924974	0.0611375912367
946	0.158851116962	0.0239882233086	0.000815530578964	0.0355465582047	0.0610966878665
947	0.157947375911	0.0235560021514	0.000795045237543	0.0354430871438	0.0585995213041
941	0.159999023463	0.0236718069469	0.000812588168294	0.0350785666346	0.0579919021662
940	0.160697444538	0.0236427736621	0.000814534899071	0.0351540925607	0.0577052037684
943	0.159799853497	0.0237126784241	0.00081475804153	0.0352083073652	0.0601836414576
942	0.160424923411	0.0236527336689	0.000816580735374	0.0351157343996	0.0604205695294
937	0.160990700726	0.0233796230466	0.000795772810239	0.0345190383337	0.0563341060645
936	0.161331321456	0.0232461050412	0.000786822273947	0.0344095337989	0.0557317771826
939	0.160547722743	0.0235713860579	0.00080434631668	0.0352768283951	0.0576458700422
938	0.160975473385	0.0234273535228	0.000795468513359	0.0345566581805	0.0563074345383
933	0.164951924942	0.023172628935	0.000777980642969	0.0344500904982	0.055872708396
932	0.165886885155	0.0231781583532	0.000781757035706	0.0340368242824	0.0567997774052
935	0.161691041006	0.0231461951479	0.000777853338633	0.0344626379847	0.0551359227806
934	0.163947618826	0.0230892671606	0.000775226147961	0.034572579621	0.0548837031737
929	0.167893286637	0.02292846266	0.000775984208369	0.0336443229189	0.0533460593767
928	0.16886392301	0.0228217629032	0.000771208917073	0.0335927729322	0.0530505003838
931	0.165183007272	0.0231213456043	0.00077958982658	0.0338421543916	0.0568154629456
930	0.165785347208	0.0230160738393	0.000779009670031	0.0336625587015	0.0543920066804
926	0.16554252172	0.0232143578584	0.000728466207412	0.0338116312253	0.0537096931847
927	0.16546322741	0.02328779053	0.000730745721254	0.0339522407463	0.0539438735958
924	0.165924105814	0.0232944106299	0.000735418395985	0.0335574007725	0.0545261306467
925	0.165296036146	0.0233343688534	0.000735162596281	0.0337581231936	0.0545873181868
922	0.166205226091	0.0232167123488	0.000731594451616	0.0333621692341	0.0544329424113
923	0.165884340272	0.0232416078553	0.000733245766254	0.0334600919093	0.0545284041281
920	0.162238856054	0.0230489089513	0.00071567911229	0.0330645067324	0.0524706247154
921	0.165584897673	0.0231723844417	0.000731701870544	0.0331231167256	0.0531907452191
918	0.162354109347	0.02297984492	0.000713106313471	0.0330272462785	0.0527007132783
919	0.162437938054	0.0230407712605	0.000715756477561	0.0330434668333	0.0530402748389
916	0.161985939684	0.0228279703788	0.000707839146876	0.03298446052	0.0525062991564
917	0.162517305834	0.0229408041687	0.00071383590899	0.0330160423598	0.0524984600457
914	0.163011603354	0.0227577466431	0.000709266663794	0.0330128442309	0.0520913795952
915	0.162423704273	0.0227763759465	0.000708648810962	0.0329750969296	0.0522684712545
912	0.163930867915	0.0225021591068	0.000701066881907	0.0326945585122	0.0509543954883
913	0.163285916195	0.0225841879553	0.000701993525113	0.0328753560967	0.050832848406
911	0.164116624175	0.022417230874	0.000700041730573	0.0327147175547	0.0507992024397
910	0.164447318572	0.0222651991206	0.000700338973629	0.0320385449405	0.0510598357025
909	0.165181645858	0.022273669245	0.000703751233034	0.0319103550435	0.0510842389684
908	0.165153131972	0.0221956754539	0.000702711118425	0.0319045625542	0.0512163727455
907	0.165455783909	0.0222109889185	0.000704620992928	0.0318813410925	0.0519044415182
906	0.165935843864	0.0222527963719	0.000707777607184	0.0318352170206	0.0525322965997
905	0.166633486656	0.02217307992	0.000699026686961	0.0318168091714	0.0527937468827
904	0.167282940024	0.0222719978908	0.000705362910777	0.0318058310369	0.0575593563264
903	0.167670143846	0.0222211306588	0.000705236770909	0.0318733206357	0.0575299351567
902	0.168353813104	0.0221557242574	0.000705825666638	0.0317493412099	0.0574493135669
901	0.168733287785	0.022083683536	0.000704449768901	0.0318769495903	0.0563592062862
900	0.168468776238	0.0220712835346	0.000702631804463	0.0315104432639	0.0563857219547
899	0.168811594775	0.0220311786516	0.000704804741342	0.0314785300294	0.0564724783228
898	0.169224739948	0.0219805567641	0.000703722827078	0.0314664243849	0.0557051327849
897	0.169823879713	0.0219929940251	0.000705689716005	0.0314361178499	0.0554320713375
896	0.171510735123	0.022037137305	0.000710346432868	0.0312626764038	0.0549840958426
1016	0.187118138497	0.0217943295618	0.00074609126476	0.0321313553857	0.0540557304755
1017	0.189327354892	0.0217860547752	0.000758195922874	0.0310367291542	0.0532552808865
1018	0.122338519935	0.0200266782313	0.0005533468284	0.030729187972	0.049355911441
1019	0.135862871412	0.0191502755578	0.000566412850408	0.0256354207558	0.0480871065559
1020	0.140998997128	0.0184152690296	0.000550674779451	0.0256160507443	0.0453752772885
1021	0.147805180416	0.0181615256095	0.000540294001264	0.0258044333742	0.0438346461626
1022	0.149285270754	0.0185126744669	0.000606537219902	0.0264378902391	0.0452863522682
1023	0.149475895106	0.0185488144826	0.000607923517161	0.0251966814316	0.0452753319117
1008	0.176246224627	0.0219988245032	0.000747880588801	0.0328958521562	0.0539025683645
1009	0.176781289833	0.0222413740635	0.00074694364783	0.0316664563965	0.0544230427521
1010	0.177859599003	0.022381546079	0.000745186807766	0.0324235884766	0.054465620261
1011	0.178564579671	0.0222586622693	0.000737515944991	0.0323564627491	0.0545326543842
1012	0.180420018593	0.0217743497835	0.000699567244727	0.0301100227793	0.0537190609945
1013	0.181386790189	0.021995428343	0.000710849922681	0.0325152569941	0.0547986369674
1014	0.182490416661	0.0221305813055	0.000724607893845	0.0336139762494	0.0549909818531
1015	0.183833189644	0.0222083338588	0.000743825495641	0.0335648305807	0.0555623259006
1001	0.130691292407	0.0224394239553	0.00067065869512	0.0351423259935	0.0573084325964
1000	0.130317763202	0.0223200106392	0.000664222740908	0.0349862708356	0.0573516376294
1003	0.131309905903	0.021937669105	0.000656449883264	0.032534481369	0.0552378173083
1002	0.13101320688	0.0218636092372	0.000667037617414	0.0322988760499	0.055811977416
1005	0.132197692438	0.021655288154	0.000649657669685	0.03085797018	0.0539728924458
1004	0.131737002821	0.0218077956652	0.000657334212897	0.0318044761672	0.0551881128611
1007	0.174978341702	0.0218771066254	0.000729875375214	0.0310663076002	0.0548209055098
1006	0.1330509099	0.0215307791618	0.000650906747344	0.0293368819364	0.0531172247154
993	0.131529440446	0.0229809111168	0.000698013069702	0.0365802448066	0.056232381076
992	0.132772296751	0.0228777010268	0.000706501307993	0.036465501404	0.0556927622057
995	0.130358679003	0.022666588217	0.00068221796399	0.0358611194125	0.0564539089457
994	0.130477319503	0.0228655811422	0.000694684080543	0.0357766864353	0.0561142741216
997	0.129896858055	0.0228095375413	0.000684543043201	0.0352238026991	0.0563399076966
996	0.130268363138	0.0228078297381	0.000686074121445	0.0356749859246	0.0563877186138
999	0.129978947342	0.0223162945081	0.000669830643711	0.0346956946317	0.0556371644956
998	0.129937747516	0.0224727314117	0.000673378702598	0.0353493148497	0.0558696724883
986	0.137976643635	0.023986077964	0.000728987125485	0.0380682154107	0.0592091446351
987	0.137365495868	0.0240095391754	0.000739826701837	0.0389827683729	0.0604105386832
984	0.126306922683	0.0243931526768	0.000729050680994	0.039166466952	0.06197149377
985	0.135110621528	0.0238529636185	0.000718687280003	0.0389540093827	0.058533792449
990	0.134906953663	0.0228760246072	0.000709804868277	0.0369825644077	0.0546382307234
991	0.134294849427	0.0228289102348	0.000714443692293	0.0369481342496	0.0551918013888
988	0.136836561403	0.0237447340298	0.000740559622427	0.0380227971463	0.0606652416766
989	0.136614794759	0.0230740381988	0.000712893796211	0.0364712796913	0.0542824354431
978	0.157955773678	0.0247723647795	0.000787783347175	0.0400022468031	0.0635904413459
979	0.157685889226	0.0243591705708	0.000770391373342	0.0391557821097	0.062097265429
976	0.156982235507	0.0255487191	0.000844489227999	0.040430991603	0.0649400099504
977	0.157832625463	0.0256736291694	0.000851021247362	0.0407822395678	0.0653840297021
982	0.163909094304	0.024438859171	0.00081182748294	0.0382820436602	0.0605657914399
983	0.166016057528	0.0246302949865	0.000817413240604	0.0381390172329	0.0615619724915
980	0.159912907856	0.0244438500819	0.000777491005919	0.0389294321696	0.061603960061
981	0.162379553924	0.0247527232636	0.000816085071997	0.0385192788476	0.0614461602221
971	0.153061659702	0.0256782410473	0.000846688842546	0.0419429159314	0.0643032578517
970	0.152189098055	0.0255843582588	0.000845550474298	0.042314837942	0.0638112082357
969	0.1513170418	0.0259104882701	0.000858020908329	0.0424160996709	0.0634686831669
968	0.151586516849	0.0262186208566	0.000893949795212	0.0419851198928	0.0681830506531
975	0.155663389421	0.0253473374702	0.000838579223734	0.0406537446755	0.0652267703518
974	0.156239648009	0.0253397475511	0.000840444879601	0.0404092837513	0.0646956789237
973	0.155185675821	0.0257977519829	0.000845319015772	0.0409014583254	0.0654269226601
972	0.154279191489	0.0257597036453	0.000847056755232	0.0418113833346	0.0644313389545
963	0.149313891793	0.0256549706155	0.000872224046941	0.0406277819966	0.0621397022234
962	0.151227283814	0.0255787273304	0.000874418065259	0.0400974293789	0.0620677705748
961	0.153509675711	0.0254791895213	0.000876673634209	0.0390962483934	0.0615405372488
960	0.156279413242	0.0252484242076	0.000875804777748	0.0393042702614	0.0601664274979
967	0.154677908751	0.0261379942263	0.000900236305924	0.0412549876897	0.0666325412032
966	0.153312652886	0.0259753857673	0.000894719070373	0.0417673264504	0.0649435442482
965	0.151855826561	0.0260137247747	0.000896238552231	0.0412596942774	0.0639517083309
964	0.149870849623	0.0258690731206	0.000884910671667	0.0411875321282	0.0638141328302
