Engine started up
Pred.Date	MaxError	MeanError	ErrorVariance	Q80%	Q90%
2010-12-14	0.244944493703	0.0321126553653	0.000918992849672	0.0454200924973	0.0548995873201
2010-12-13	0.0956612350901	0.0206127427767	0.000348434847096	0.0260065708768	0.0425116664784
2010-12-10	0.0557375624255	0.0158495947398	0.000192998478939	0.0317636735887	0.0364100804877
2011-4-8	0.0474952486772	0.00846591961087	7.81346006979e-05	0.00896075769373	0.0242204227942
2011-2-28	0.0263482884791	0.00504788155548	1.24651361463e-05	0.00781671195159	0.0101554624972
2011-4-1	0.0822454758405	0.0170466553298	0.000287805624374	0.030761999817	0.0406732632085
2011-2-21	0.163078796017	0.00589260823807	0.000228031223978	0.00473993930594	0.00963222433838
2011-2-23	0.110390278029	0.00945602294629	0.000124750268973	0.014134167108	0.0177327740502
2011-2-22	0.0466237193655	0.0109876742786	0.00012322590864	0.0195863900702	0.0302443810543
2011-4-5	0.0749818111393	0.022245731546	0.000535814975737	0.0432107373515	0.0658365374451
2011-2-25	0.192061829515	0.058854246379	0.0052962721557	0.164590003073	0.177944170979
2011-4-4	0.199644102894	0.0394883589176	0.00171315346261	0.0570991152098	0.0997982182635
2011-2-24	0.0804165736056	0.0197234845622	0.000258564235841	0.0312784067817	0.0398733986668
2011-4-7	0.029324825767	0.00716820536705	3.82685186608e-05	0.0115002161082	0.0178928900152
2011-4-6	0.0208128932578	0.00228794575452	9.68407543934e-06	0.00185258610726	0.00549369576586
2011-3-8	0.05123699954	0.0164044913988	0.000297933918539	0.039328598335	0.042112838176
2010-12-23	0.0251947258792	0.00853904073329	2.80625588476e-05	0.0128106281914	0.0141551672796
2011-3-7	0.166014031844	0.0452845284373	0.00288760726273	0.107872781139	0.132716462152
2010-12-22	0.0153532313641	0.00544097191619	1.39200114329e-05	0.0098433847027	0.0108973665171
2011-3-2	0.0827334008748	0.0170741479288	0.00020978103937	0.0325172480111	0.0339039148679
2010-12-21	0.283780078389	0.0278668143382	0.000876793449652	0.0294647417771	0.0445746891479
2011-3-1	0.125421710065	0.0130126523349	0.000209804350642	0.0245011120802	0.0271981153094
2010-12-20	0.282416260207	0.076366441765	0.00587755213112	0.111551308894	0.195386468994
2011-3-4	0.0184993459192	0.00680518276571	2.21971066298e-05	0.0112269606518	0.0131577825662
2011-2-1	0.0409398592692	0.00365099926327	2.02071844769e-05	0.0047164652246	0.00668499226742
2011-3-3	0.110866973653	0.0341028050078	0.000525117542496	0.0474829254601	0.0609613630587
2011-2-3	0.0579982715117	0.0179601581177	0.000163771481189	0.0291082241639	0.0318999292088
2011-2-2	0.0582159713043	0.00493065362323	7.5709320728e-05	0.00372043072349	0.00779747070052
2011-2-4	0.124911090178	0.0132904691574	0.000225496882019	0.017152687652	0.0284625804972
2011-2-7	0.050839978044	0.0164031954054	0.000384236407857	0.0426631511429	0.0455016651437
2011-2-9	0.0347455811845	0.00506529762013	2.78296608454e-05	0.00632163975647	0.00909066285632
2011-2-8	0.0150439532375	0.00444647320646	1.14266673589e-05	0.00884382642034	0.00999515950679
2011-3-9	0.0885441632058	0.0115780101358	0.000123622491703	0.0153932126235	0.0170235575295
2010-12-17	0.269386141084	0.0352704824242	0.001775409001	0.0805441507229	0.0975704870064
2010-12-15	0.0413666798705	0.00898952195009	3.68451705569e-05	0.01147574494	0.0153496348429
2010-12-16	0.284232889745	0.0339114683156	0.00166687175854	0.0495956666287	0.0778455893776
2010-10-8	0.335015352606	0.0535179195222	0.00442944566795	0.0789088457262	0.163721802476
2010-10-7	0.342952851602	0.0460041671582	0.00418599994155	0.064991893929	0.142050417486
2010-10-6	0.0191354773807	0.00809926594042	2.24541161117e-05	0.0128647214693	0.0164609728528
2010-10-5	0.0289985560594	0.00631032563515	2.21678607487e-05	0.0084328122744	0.0104990111408
2010-10-4	0.130875392728	0.0111962216597	0.000170046790028	0.0139199833241	0.0287071513706
2011-1-21	0.22687692391	0.0233799131853	0.000898398509232	0.0259817699572	0.0470766332762
2011-1-20	0.0393120493725	0.00783521238837	2.34674567522e-05	0.0109878992369	0.0144245270792
2011-1-26	0.0127283510707	0.00561036391697	1.14905086632e-05	0.00874782687971	0.01023891141
2011-1-25	0.095375032643	0.0175626648657	0.000159462128052	0.0245363199371	0.0303940292732
2011-1-24	0.202404002964	0.0310430867655	0.000815289908598	0.0505461381331	0.0601502581466
2011-1-27	0.0485175646576	0.00718632317903	6.05304079237e-05	0.0139698768351	0.0149036750994
2011-1-28	0.0240812672491	0.00521299458626	2.44019367568e-05	0.00801774983872	0.0109439140084
2011-4-19	0.189330593556	0.0449358307616	0.00121063042661	0.0716886232021	0.087963078525
2010-11-12	0.0392649976237	0.0167582886827	9.3366805485e-05	0.0269128553144	0.0286578256303
2010-11-11	0.173989401265	0.0220068332715	0.000458884413081	0.023535868956	0.0451929553608
2010-11-10	0.121214581345	0.0254424953325	0.000570163009259	0.0361335589222	0.0604302934073
2011-1-11	0.076887786233	0.0163688361906	0.000128737537298	0.0219098566666	0.0288932933011
2011-1-10	0.197877822146	0.026225386075	0.000879641550083	0.0332161527856	0.0410489468933
2011-1-13	0.0778561807747	0.0237129430228	0.000591136888837	0.0514657943939	0.0551457893521
2011-1-12	0.116894175415	0.0206855559956	0.000419417798694	0.0347437496911	0.0487446197931
2011-2-17	0.0241262264078	0.0036298151635	1.07742223567e-05	0.00514851440969	0.00598241663926
2011-2-18	0.0623804866769	0.0220240931179	0.000431570372143	0.0470435466746	0.0505303534568
2011-1-14	0.0866142091709	0.0189994135339	0.000263497816486	0.0309404587567	0.0415099995423
2010-12-3	0.413569941423	0.127040711626	0.0104315452037	0.193543350927	0.291904420969
2011-2-16	0.0592148785258	0.011302455175	8.26002558632e-05	0.018647692614	0.0246566039978
2010-12-2	0.151848836563	0.0232442134356	0.000612642864935	0.036087867475	0.0456446248324
2011-1-17	0.0805516297287	0.0167087809511	0.000178084206801	0.0243007961694	0.0300891081135
2011-2-15	0.118513441267	0.040143222227	0.00145496493479	0.0884392881318	0.0981477749483
2010-12-1	0.0246031052	0.00569517409229	1.8628572417e-05	0.007523429819	0.0114648176031
2011-1-18	0.0815599839849	0.0116730817966	0.000113357162361	0.0198497794589	0.0262621533063
2011-2-14	0.0277758427084	0.0101595263593	7.90575990366e-05	0.0203502257751	0.0254745401946
2011-1-19	0.0253119554094	0.00959230404354	3.19271450817e-05	0.0150284553073	0.0173092653712
2011-2-11	0.0665729249561	0.00503029787963	2.57663568611e-05	0.00610731865984	0.00771339863718
2011-2-10	0.0129925137779	0.00235612133002	4.08261872987e-06	0.0039642990414	0.00545764251757
2011-4-12	0.0206835927749	0.00650792042034	3.65738702474e-05	0.0141220020615	0.0151750772478
2011-4-11	0.0929988416759	0.0116179677655	6.08095689439e-05	0.0149792420458	0.0158729946195
2011-4-14	0.0649039352203	0.0167601961105	0.000398695522701	0.0362890502985	0.0513447807283
2010-12-9	0.787766163088	0.0104365382934	0.000925297524786	0.0127693033074	0.0154056568442
2011-4-13	0.0490757820056	0.00548455455267	4.30693299457e-05	0.00959639615814	0.0136299842915
2010-12-8	0.0790476760876	0.0136501739431	0.000262012867496	0.0226958605756	0.0345094041666
2010-12-7	0.918952007259	0.0209774193725	0.00154107416944	0.0320008325716	0.0372478715539
2011-4-15	0.0924447492364	0.0298142107549	0.00134508447347	0.0808590590777	0.0892027971731
2010-12-6	0.223379049933	0.0526151631176	0.00404933028754	0.117749987028	0.157724203502
2011-4-18	0.184221587882	0.0456717902118	0.00318453720237	0.115825573538	0.133631543617
2011-3-29	0.10292217845	0.00466734625411	0.000119556224265	0.00409140516331	0.00595883195189
2011-3-28	0.0883479930639	0.0304925641904	0.000963973801227	0.0701881594294	0.0806379473217
2010-10-25	0.184959141652	0.0157220973265	0.000577819769025	0.0147535977733	0.0365372553137
2010-10-27	0.110776984145	0.0209933534697	0.000247579298808	0.0274822281432	0.0415036766725
2011-3-25	0.0468641582764	0.0189633076798	0.000127739031991	0.0278382529544	0.0320826878166
2010-10-26	0.0888391282286	0.0246364007884	0.000259019115612	0.0340272694199	0.047167722092
2011-3-24	0.0209002805937	0.00828662115611	2.77568962382e-05	0.013081693647	0.0155117526278
2010-10-29	0.445125826838	0.0382048984057	0.00224933143788	0.0523316817903	0.11883796088
2011-3-23	0.111047094145	0.0147810579912	0.0001733692792	0.0241630696643	0.0280382573192
2010-10-28	0.0652750924566	0.0192748896733	9.72853735226e-05	0.0259577174151	0.0340549969938
2011-3-22	0.164655580984	0.0184102311752	0.000504864022567	0.0195422624492	0.0237843007773
2011-3-21	0.113264545907	0.0142116567037	0.000188969004608	0.0284939825702	0.0308342536529
2011-4-26	0.0273308778086	0.00695512294104	3.19522131667e-05	0.0122106656044	0.013964008789
2011-3-18	0.168866041294	0.0560785039424	0.00231159907906	0.105765799832	0.120499634822
2011-4-27	0.197114442474	0.029284713874	0.000595127415287	0.0390342825901	0.0620876964615
2011-4-28	0.0962755249587	0.0291313830669	0.000320289813018	0.0475121099258	0.054100245762
2011-4-29	0.149007798429	0.0202686939427	0.000675511195305	0.0191083039	0.0448189044825
2011-4-20	0.116903955609	0.0192730319476	0.000359026534616	0.0328749657472	0.0396898452526
2011-4-21	0.179573460585	0.0155641001291	0.000209754378943	0.0221883055182	0.0244015893124
2011-1-31	0.148041974091	0.0203688526321	0.000450513171236	0.0263422495909	0.0399736543775
2011-3-15	0.0167989128165	0.00271499671098	2.81985160106e-06	0.0036947569557	0.00439171791542
2011-3-14	0.0614756941634	0.0197216498283	0.000516579508903	0.0499157771815	0.0529840539444
2011-3-17	0.0942320143724	0.0118666806205	0.000137583760886	0.0160842359245	0.0228029931823
2011-3-16	0.0356775445724	0.00700817611682	5.00989667018e-05	0.0111563262202	0.0132216792674
2011-3-11	0.0585974718596	0.00954591991495	2.95457271232e-05	0.0133304239687	0.0154467721814
2011-3-10	0.222564714013	0.0583588501591	0.00477276186844	0.134631267261	0.182316609195
2010-10-11	0.0675020775452	0.0082588758191	5.48082110818e-05	0.00942109802761	0.0129485292754
2010-10-12	0.10558298134	0.0163400649906	0.000229756951088	0.0200965985439	0.0255189380727
2010-11-26	0.0540534371361	0.00563988318726	2.46246786297e-05	0.00828208980981	0.00984016757258
2010-11-25	0.272979520108	0.0663803163504	0.00338139746969	0.11895915991	0.138559790492
2010-12-30	0.309377611716	0.0468548628603	0.00451808693232	0.0851643023623	0.138282402774
2010-11-29	0.0540236560179	0.00814710001389	3.88399129208e-05	0.0122787315005	0.0159114542507
2010-12-27	0.251960595255	0.0124098467991	0.000984901965909	0.00635449011006	0.0176774109356
2011-1-5	0.0458436586296	0.00384913186338	3.13763169368e-05	0.00372229706356	0.0104276990063
2011-1-6	0.0347104641276	0.00567220083465	2.94506943853e-05	0.00969206282838	0.0125758781238
2010-11-30	0.0353099569469	0.00894741495112	5.84222170409e-05	0.0150949587255	0.0195762894306
2010-12-29	0.094684034016	0.0290319539376	0.000888911591054	0.0656155421367	0.0743743760595
2011-1-3	0.061876220899	0.0202364302052	0.000286268367015	0.0377694754789	0.0491606119869
2010-12-28	0.168209220885	0.0629890037169	0.00243309438082	0.12301255807	0.130272531665
2011-1-4	0.0459979983381	0.0182186905892	0.000112462888396	0.0276190565266	0.0356586792374
2011-1-7	0.114661890628	0.0126313447653	0.000175593978495	0.0191950099241	0.0245133474203
2010-10-22	0.0460220525453	0.0091739829061	4.99190317694e-05	0.0131735820253	0.0142314469396
2010-10-20	0.381867622773	0.0707544700276	0.00782133160387	0.0880115663642	0.211133955959
2010-10-21	0.0820800968287	0.0164346566524	0.000140196339251	0.0227639262861	0.0327924912042
2010-11-17	0.099222911567	0.0206571442207	0.000444522468631	0.0413044521282	0.0485165418395
2010-11-16	0.223976975916	0.02587209878	0.00148886061123	0.0410337580455	0.064962767166
2010-11-15	0.187394696321	0.0327646292721	0.00113596623086	0.0357353177447	0.0867859393372
2010-11-19	0.681549976365	0.067506653249	0.0112293599615	0.0710818934273	0.0754524198655
2010-11-18	0.120389570294	0.0452109983078	0.000468366485223	0.0616460139088	0.0715043763495
2010-11-23	0.0733234167568	0.0282522559556	0.000480751227362	0.0577759620287	0.06390560164
2010-11-3	0.562531022463	0.0775327123867	0.00950080392858	0.083598679211	0.108589554184
2010-11-24	0.156199243272	0.035870013004	0.00149712693772	0.0759072064721	0.102088745533
2010-11-4	0.138645638787	0.03033741829	0.000553463717099	0.0379320176242	0.062328062553
2011-3-31	0.0622660961717	0.0121939794335	0.000177543452315	0.0199122295889	0.0344976102574
2010-11-1	0.332566157589	0.0379209855399	0.00363961503587	0.0354483672239	0.0757990096357
2011-3-30	0.0374982945394	0.0097314587331	8.68258920521e-05	0.0206184304155	0.0222696451859
2010-11-22	0.566375854892	0.122894913819	0.0228845404815	0.198219961299	0.396630673391
2010-11-2	0.900086530126	0.0113525770476	0.00176856010736	0.0110213629267	0.0221411082958
2010-11-8	0.177142371774	0.0339552885419	0.00093359537259	0.0466557061041	0.0541019093084
2010-10-19	0.183739988808	0.0435120317321	0.00131852174604	0.0673025576949	0.0792522223776
2010-10-18	0.191898135982	0.0328425238329	0.000720402779051	0.0459490882345	0.0646531335275
2010-11-5	0.26179862478	0.0349728811364	0.00214325620609	0.030067307841	0.0680189060271
2010-10-15	0.0916430810348	0.012816302092	8.64339199634e-05	0.0197680645148	0.0225143004294
2010-11-9	0.0928074409506	0.026404653283	0.000513461703863	0.0422537275557	0.0698680483646
2010-10-14	0.0557412666636	0.00952006077251	5.41883588869e-05	0.0129446228877	0.0220277489723
2010-10-13	0.12426165106	0.0163132394525	0.000287616379348	0.0222648910073	0.0248717431826

Pred.Minute	MaxError	MeanError	ErrorVariance	Q80%	Q90%
254	0.666178502481	0.0553943583492	0.00719143930686	0.0804862917648	0.128931490918
255	0.660676664542	0.0544512705825	0.00725263743241	0.0804152286493	0.134383105097
252	0.676007027669	0.0565983058417	0.00744200349728	0.0775938488172	0.142215661896
253	0.66883470611	0.0557291866424	0.00723789749589	0.0813186230709	0.131579260559
250	0.268488461082	0.0483229154528	0.00335096640877	0.0801240641822	0.124116091828
251	0.681549976365	0.0583990455532	0.00773112860582	0.08201435853	0.159006575071
248	0.269386141084	0.0479225816049	0.00306752199236	0.0822454758405	0.117744604576
249	0.272698743526	0.0478199076368	0.00314749105831	0.0815599839849	0.124202708683
246	0.283780078389	0.0406110410839	0.00251644509659	0.0667546846093	0.110458458179
247	0.271561015048	0.0432807240962	0.00262757598589	0.0777844558431	0.104611002631
244	0.400194103968	0.0344209319762	0.00267625693257	0.0490757820056	0.0879261826194
245	0.269006871869	0.039556973307	0.0026749814677	0.0591608437114	0.0959400225439
242	0.918952007259	0.0301657955267	0.0155601633348	0.0186479884648	0.0282836576419
243	0.612775737816	0.0333790970277	0.00543637804488	0.0338457103913	0.0598178841916
241	7.08782940425e-06	8.28772104343e-07	1.1054718105e-12	1.36973013824e-06	2.02592447132e-06
275	0.475090665047	0.0395071058305	0.00475168722245	0.0509995705276	0.0986064041469
274	0.477883712978	0.040193485533	0.00480665036229	0.0532525135624	0.101680756711
273	0.479702767898	0.0410810670473	0.00487087320956	0.0569794964606	0.10300409992
272	0.4868070825	0.0418373141563	0.0049342154638	0.0542654832055	0.105380518274
279	0.55334871018	0.0482312896757	0.00723870505022	0.060315560023	0.102272706398
278	0.562531022463	0.045755721735	0.00680374995497	0.0601058452342	0.0961009918234
277	0.469884460476	0.0407567421887	0.00501854922665	0.0517288203882	0.0958990670808
276	0.474624760702	0.0408479815337	0.00506494390516	0.0520068156148	0.0968602457731
283	0.535216465878	0.0474223812994	0.00735624563482	0.0533896602631	0.110371883934
282	0.53877396804	0.0452692988425	0.00668524567717	0.0535420068065	0.0988063524719
281	0.540637817623	0.046052238639	0.00682444846565	0.0542241714497	0.0999884408663
280	0.545192933959	0.0472248710702	0.00702863888899	0.0585665896981	0.0991769763907
287	0.533556369971	0.0434100106332	0.00603414631177	0.0515317994603	0.111170584091
286	0.532481714622	0.0434263257844	0.00596763878023	0.0501597457968	0.10482497532
285	0.534484387235	0.0471892309785	0.00733437030561	0.0540529601264	0.105912564506
284	0.534983873699	0.0469708620282	0.00733564108868	0.0523277859151	0.107490096585
258	0.606988478227	0.0515316216816	0.0066912013254	0.0770454363949	0.133099051559
259	0.603376286545	0.05070745111	0.00668546672814	0.0737997642337	0.131042031682
256	0.662941558368	0.0538558284331	0.00726185933814	0.0768682828263	0.130065918001
257	0.654004186557	0.0526114813364	0.00712988103674	0.0753918232316	0.132245732391
262	0.568895473788	0.049388796226	0.00656930334091	0.0678857672757	0.125286974494
263	0.558792990891	0.0486358322929	0.00650578417866	0.0670390861821	0.115473456881
260	0.600224519664	0.0519366882305	0.00692455666192	0.0734215740162	0.131234761413
261	0.595543833023	0.0502333314647	0.00687764570804	0.0700551089699	0.131227485425
266	0.528112022595	0.0461108591645	0.0056167267326	0.059883698857	0.112491729611
267	0.517624791271	0.0454948387865	0.00544902197383	0.0636633945935	0.110876457676
264	0.552820200586	0.049685599463	0.00679127987517	0.0663289097358	0.119451754127
265	0.539960487356	0.0485285061417	0.00653465384009	0.0652670870461	0.112730163996
270	0.498876643877	0.0438490760789	0.00535324848856	0.0575238498404	0.105633817435
271	0.491207191986	0.0431607285526	0.00514857721522	0.0564226758237	0.11021162887
268	0.509112135066	0.0454705225783	0.00550884120969	0.0598722016529	0.107296867342
269	0.50411526477	0.044487498607	0.00539987295263	0.0586923857967	0.104789679006
305	0.488617193797	0.0374131799099	0.00518767401588	0.0417478185561	0.0972852647896
304	0.489259941505	0.0368367182643	0.00508533301516	0.0411126872042	0.0933938528492
307	0.485329882613	0.0363768989359	0.00496644434346	0.0417042536711	0.103436980107
306	0.48655244137	0.036367021396	0.00498088876751	0.0415213244592	0.0968164159353
309	0.475107909739	0.0354915614465	0.00477256996049	0.0412277366005	0.102071806382
308	0.482341262608	0.0359329906842	0.00487414219873	0.0415273958498	0.102595046549
311	0.47186041973	0.0351346151814	0.00461293602894	0.0407687437514	0.0998278413898
310	0.473976351836	0.0354047899858	0.00464880009198	0.0411669632328	0.100332022757
313	0.458191364523	0.0364247916974	0.00459389681524	0.0468770254227	0.119998084879
312	0.462952769226	0.0376520500836	0.00492849210662	0.0472978276609	0.120501717293
315	0.332317589707	0.0337233962144	0.00335737446383	0.0462114462011	0.100618068408
314	0.339832867057	0.0343021694459	0.00347681471491	0.0467603557022	0.118869270937
317	0.32249406219	0.0326998117957	0.00313157013071	0.045313335164	0.0995260587921
316	0.33257258195	0.0329625315868	0.0032164821725	0.0459975815238	0.0999572616967
319	0.320690916263	0.0321084749099	0.00303354404256	0.0446056546621	0.0987561309967
318	0.320347369626	0.0323993922501	0.00308187309591	0.0446385493656	0.0991623012352
288	0.529734837809	0.0428527893221	0.00597414545119	0.050633031538	0.107455664444
289	0.527417464731	0.0423344312351	0.00591343605135	0.0496515785912	0.10671269697
290	0.526200641267	0.0415221459847	0.00584981747592	0.0489211158159	0.103609127563
291	0.523586752823	0.0406005182702	0.00573793895182	0.0481704424576	0.098354720997
292	0.520073751951	0.0399054632986	0.00564321374813	0.0482572679322	0.0960911153145
293	0.515171067925	0.0432253702367	0.0068205040719	0.0485767886727	0.113357856241
294	0.512411547568	0.0408002644789	0.00581703382714	0.0470725711741	0.111686447723
295	0.50602891346	0.0404097621424	0.00574613908769	0.0465451869736	0.110480885222
296	0.500347797012	0.0400686792332	0.00567502955274	0.0452176955557	0.109154806356
297	0.499257293433	0.0403173224389	0.00576716026831	0.0451462019431	0.118407872523
298	0.49876565478	0.0401497855152	0.00572670088335	0.044851258718	0.117076420993
299	0.494316367601	0.0396367653139	0.00563080078342	0.0448134611913	0.115358087248
300	0.492991353	0.0391749445176	0.00558644694332	0.044157172967	0.111482082689
301	0.493090442908	0.0394460908462	0.00553330601891	0.0472537953458	0.109916109229
302	0.492282954562	0.0389794938795	0.00540942604374	0.0443424667759	0.10884310607
303	0.491128963148	0.0383510399491	0.00533191830856	0.042840946414	0.108143185813
343	0.509207774212	0.0304807754431	0.00372393545642	0.0408848149083	0.0811415258729
342	0.511743502897	0.0309612048014	0.00379229632105	0.0408854204238	0.0884638201062
341	0.514294046193	0.031111168798	0.00382005264739	0.0434426967398	0.088811937914
340	0.515156212393	0.0313807152941	0.0038638886627	0.0443398416408	0.0892198564998
339	0.516424530744	0.0315513187871	0.00388392895424	0.0455092554638	0.0895333957415
338	0.520877573543	0.0318033918732	0.00394191160128	0.0457532786033	0.0897800139704
337	0.521967637123	0.0320439568399	0.00396377823603	0.0461636533649	0.0900464668749
336	0.522386246206	0.0322662177581	0.00399269989657	0.046691435586	0.0901581347921
351	0.487759106186	0.0290297642319	0.00330960971786	0.0391061916383	0.0768169058002
350	0.488594802668	0.029305770115	0.00335955188931	0.0401992839349	0.0779277184582
349	0.490870521386	0.0297485975252	0.00340615496953	0.0406272100153	0.0808056874685
348	0.494992054309	0.0291563027612	0.00343883401931	0.0407144987812	0.0788575665481
347	0.497320037091	0.0293781939536	0.00348245731917	0.0396101172123	0.0788731538521
346	0.498498720252	0.0296916134981	0.00351752667763	0.0397652753647	0.079562395287
345	0.504393027294	0.0299667135415	0.00359165957703	0.0401127936633	0.0799017748004
344	0.506516685458	0.030311463728	0.00365420667145	0.0407906735449	0.0806706508473
326	0.548431944328	0.0329067902397	0.00431784294782	0.0435189920697	0.0912737347699
327	0.546993986414	0.0321494336038	0.00421130864139	0.0431979652455	0.086317720042
324	0.553971386174	0.0342750508345	0.00454970999799	0.0445282408767	0.0978101132414
325	0.552369976914	0.0333645901937	0.00439941152033	0.0440279856966	0.0916390558535
322	0.556259513009	0.035031669759	0.00469553179906	0.0460336685931	0.0982038715525
323	0.555921227926	0.0345486512817	0.00459835332848	0.0448366985327	0.0980270197377
320	0.566375854892	0.0360782274979	0.00491181695286	0.0466649894932	0.114651191437
321	0.558485354608	0.0353592280165	0.00476654927337	0.0462044577376	0.0984321047765
334	0.523312093078	0.031667396537	0.0038987038856	0.0441083219837	0.0870234275331
335	0.523112888735	0.0324870839373	0.00401894567799	0.0467520660937	0.0913900426565
332	0.530085731378	0.0315999770742	0.00397592898659	0.0424012749118	0.0875642152018
333	0.526010536134	0.0319185645247	0.00394633512143	0.0447111501767	0.0874573135678
330	0.53572458612	0.03183105599	0.00403296115056	0.0430746062514	0.0892633335341
331	0.534294275957	0.0321007358364	0.00405419235238	0.0424788411132	0.0928963405732
328	0.540757526139	0.0324010338709	0.00413846563605	0.0447762697128	0.0894966155138
329	0.539083814102	0.0320860395878	0.00409058939142	0.0439021471167	0.0893872522608
373	0.412480320162	0.0264626972345	0.00259834629895	0.0411183010396	0.0591218458447
372	0.4139147704	0.026692563182	0.00264892270624	0.0420401863782	0.0597252432867
375	0.412013995945	0.0261284971795	0.00252940931577	0.040257787236	0.0573724523964
374	0.412185524327	0.0262819853253	0.00256565181907	0.0408065387887	0.0581807503132
369	0.421212547448	0.0273924627128	0.00279330337843	0.0434495746493	0.0646647182984
368	0.422114110427	0.0275256209599	0.00282018552761	0.0437650030102	0.0653262714041
371	0.41431474614	0.0269623497061	0.00271805531921	0.0425892936886	0.0631809674392
370	0.417617936851	0.02720976553	0.00276023172246	0.0433114070097	0.0637541618984
381	0.408595164319	0.026570406915	0.00251553484594	0.0394512189569	0.0602136671906
380	0.408789443745	0.0268777214127	0.00254894497544	0.0397136640874	0.0606757754042
383	0.407616987935	0.0256762131198	0.00238547129714	0.0385111743701	0.0592597952851
382	0.40851331621	0.0264134731496	0.00249685016409	0.0390208659766	0.0594929848787
377	0.409652366629	0.0257818475862	0.00248032123727	0.0398152058812	0.0565453200337
376	0.411093790492	0.0259744780964	0.00251030314024	0.039976445679	0.0570404843932
379	0.409199487465	0.0260195190353	0.0024292171698	0.038757223232	0.0587679402345
378	0.409861632441	0.0255510120371	0.00241340720807	0.0354833487111	0.0562834038762
356	0.46646489659	0.0289835479111	0.00313046451752	0.0382120293197	0.0789129624517
357	0.453305966209	0.0290945180031	0.00300828398111	0.0435071636017	0.0823688874573
358	0.44759228774	0.0293469394532	0.00293357317617	0.0472115877974	0.080818792874
359	0.446592697817	0.0291404755736	0.00290955321832	0.046424083837	0.0797668644821
352	0.487156238805	0.0287538304595	0.00326538104452	0.0387281677013	0.0759999368803
353	0.484812784955	0.0293025811339	0.00328792929312	0.0398690857413	0.0797180481822
354	0.481762829461	0.0291510666666	0.00325696937177	0.0390422713238	0.0794750563958
355	0.474504174813	0.0290591250586	0.00318889764196	0.038346562369	0.0785766342776
364	0.436197648139	0.0285819090268	0.00305904317549	0.0456081836694	0.0678462875685
365	0.432565436008	0.0283928273767	0.00302073989399	0.0444873106581	0.0671704872916
366	0.42892644303	0.0280876284191	0.00297107336117	0.043977977326	0.066022626479
367	0.425159437643	0.0277718487862	0.00288020466676	0.044049603454	0.0656609200744
360	0.443679043774	0.0285021593104	0.00282138337145	0.0462999895715	0.0739622505301
361	0.442828323396	0.0279050701137	0.00274902959575	0.0461314472387	0.0696373209896
362	0.440360336248	0.0275364795991	0.00271252081944	0.0456119185743	0.067037708119
363	0.438868645916	0.0270431810768	0.00268116142666	0.0424204505571	0.0641812304524
410	0.358595181788	0.0234589189488	0.00184160338579	0.0335584538711	0.0513570232588
411	0.354424442434	0.0232907182419	0.00180151694742	0.0334341581584	0.0513273922538
408	0.367891231915	0.0237338310338	0.00191753511003	0.0334247175785	0.0515712442799
409	0.363886251701	0.0236683137683	0.00188291243288	0.0337022963332	0.0515244934853
414	0.348499247641	0.022898769032	0.00173370416839	0.0317859594009	0.0496641812515
415	0.345460982502	0.0226164249226	0.00168634391286	0.0313548419261	0.0496362874336
412	0.351892836748	0.0231356805527	0.00178034115608	0.0333341135075	0.051218708839
413	0.350015280701	0.0230226371155	0.00175451035002	0.0318368699372	0.0509802610591
402	0.382150886269	0.0236367731183	0.00201204167946	0.0317762109597	0.0519649477268
403	0.381151773651	0.0229850689467	0.00185487227133	0.0316720343521	0.0519029401633
400	0.385989268673	0.0241666852758	0.0020716889545	0.0320853476723	0.0531495479463
401	0.383201407229	0.0238016014026	0.00202540815966	0.0320045454541	0.0521546246786
406	0.373082653651	0.0238489893771	0.00195698773197	0.0338725407409	0.0523541209443
407	0.371652760725	0.0238179725618	0.00194084566152	0.0335273576271	0.0523321784825
404	0.380449973151	0.0241791893384	0.00201761911023	0.0341720845961	0.052537873703
405	0.375143816574	0.0239941427536	0.00197568432559	0.0340733876469	0.052519190538
395	0.395706610026	0.024918238562	0.00218211317	0.0328055013526	0.0596898322694
394	0.397246715635	0.0250222417381	0.00220369874893	0.0328955493315	0.0597632460847
393	0.397484866011	0.0251259986089	0.00220837449398	0.0329056483332	0.0599696174651
392	0.397687214639	0.0253955337788	0.00222869020893	0.0329044977723	0.0601826557305
399	0.387489067844	0.0243049658048	0.00209128924954	0.0362945631843	0.0533967256004
398	0.38848436062	0.0244590525365	0.00211135886904	0.036623383837	0.0536172638069
397	0.390358336992	0.0245870293534	0.00213097507737	0.0366222510889	0.0536843050291
396	0.39368709647	0.0247180532962	0.00216520500501	0.0326869978723	0.0595188595153
387	0.404238048053	0.025449906842	0.00231310808487	0.0382182893129	0.0577475636991
386	0.404728670274	0.0256456736052	0.00232738443267	0.0396438290064	0.0581712528707
385	0.405090746636	0.0256505144994	0.00234745382554	0.0397534411992	0.058775084302
384	0.406683269755	0.0255109422259	0.00236660041424	0.0384484518295	0.0590204590195
391	0.399938464006	0.0254864356692	0.00226653865247	0.0329142453226	0.060517537747
390	0.400557292637	0.0256420036441	0.00228218141062	0.033111779951	0.061463161999
389	0.401694822611	0.0252762235351	0.00228313838594	0.0318430554964	0.0569918524987
388	0.404059079784	0.0253896163503	0.00229918032219	0.0318509877822	0.0575893666481
440	0.201868990628	0.0210010520765	0.00098932293065	0.033551941088	0.0482939167847
441	0.200920237909	0.0209204930625	0.000982373738584	0.0333502046641	0.0482317006636
442	0.200742357458	0.0208103859856	0.000978471591668	0.032996664601	0.0482020637623
443	0.200620652503	0.0207289530263	0.000975171850621	0.0329207917202	0.0477859089774
444	0.199457061424	0.0206411358026	0.000968025330419	0.0325297617275	0.0477029577812
445	0.199113667481	0.0205587308501	0.000960779510722	0.0318961783839	0.0476697205299
446	0.198913151579	0.0206192088906	0.000953629231751	0.0318954882933	0.0474306671199
447	0.198861972846	0.0204599550179	0.000941160938085	0.0318845703443	0.0473019072427
432	0.310085526733	0.0218051741301	0.00137958714488	0.0334318741392	0.0466231779255
433	0.308592817889	0.0216613537065	0.00136478083496	0.0332216699878	0.0464051449795
434	0.304099913104	0.0215274267811	0.00133975402952	0.0331598964474	0.0463458705274
435	0.300084014122	0.0214657564928	0.00131400262932	0.0328946911293	0.046175118068
436	0.300069079058	0.0220719515647	0.00132175647291	0.0341410473293	0.0481526495764
437	0.206889117507	0.0213093512404	0.00101608034688	0.0339372959569	0.048030454792
438	0.205242861377	0.0211936452825	0.00100538617843	0.0338900949169	0.0481462974505
439	0.202175105717	0.0210635949154	0.000992086959257	0.0336868172725	0.0482803140647
425	0.321276596377	0.0214857071024	0.00145001909615	0.0300243023124	0.0486096725857
424	0.327071766574	0.0217949471092	0.00150797760834	0.0322773837625	0.0486976820849
427	0.317028097724	0.021341496526	0.00142316328091	0.0322353012175	0.0471760390698
426	0.319345432906	0.0214509980995	0.00143722644585	0.0323170458195	0.0485386113487
429	0.314771621797	0.0216524111913	0.00141185095454	0.0324093594885	0.0483554271003
428	0.315178747249	0.0212333434458	0.00140861729839	0.0321459567829	0.0471384776306
431	0.313261471416	0.0217351506527	0.00139961943434	0.0323653413154	0.0480705438411
430	0.313545093974	0.0218358337125	0.00140608648888	0.0323821283812	0.0480758484205
417	0.336315711946	0.0224546647881	0.00162565208032	0.0309992206793	0.0493460657186
416	0.339771097676	0.022446172207	0.0016551519272	0.0312673074915	0.0494724841134
419	0.332750944222	0.0218577376212	0.0015788856991	0.0291539353786	0.047562087933
418	0.333687759252	0.0222464557516	0.00160890408787	0.0291559535003	0.0493297563734
421	0.331253443162	0.0218892250901	0.00155113681585	0.0304042317703	0.0488977706115
420	0.332058254201	0.0218260467322	0.00156107942942	0.0305179438373	0.0473418729489
423	0.327831721543	0.0216387588704	0.00152099183313	0.0303258048902	0.0487756892076
422	0.330391720774	0.0217856467684	0.00154274946803	0.0303882418688	0.048827118024
478	0.186740684094	0.018240079049	0.000769579082102	0.024186904697	0.0409214463206
479	0.186589718908	0.0184131691379	0.000760325363356	0.0241659818114	0.0409030232127
476	0.187347651761	0.0181905645855	0.000778811932041	0.024368346464	0.0416727272599
477	0.18699589247	0.018289555205	0.000774411068647	0.0242778563732	0.0416205266876
474	0.187972202905	0.0184043765822	0.000787960879042	0.0254542301661	0.0421943761818
475	0.187512353651	0.0183043319492	0.000784085152495	0.0244199919784	0.0420119147054
472	0.188268276113	0.0186054336434	0.000798228457326	0.0263051142189	0.0427770056833
473	0.187977636403	0.0185070711173	0.00079229293638	0.0258940824762	0.0425502670669
470	0.188688515159	0.0188134334183	0.00081545121365	0.0265980906266	0.0428665532126
471	0.188667761622	0.0187243724078	0.000806207225055	0.0264558154114	0.0427692668703
468	0.188820782977	0.018973977117	0.000828326455874	0.0279662646357	0.0431948995399
469	0.188715632541	0.0188911210085	0.000821640090029	0.0268050168276	0.0431838115835
466	0.189024417205	0.0190877300424	0.000833986715778	0.0280100643411	0.0438368917818
467	0.189011725017	0.019037768428	0.000831530789271	0.0279837699761	0.0437643324433
464	0.189850709701	0.0192603558784	0.000843634488941	0.0280433157644	0.0442369754227
465	0.189531239357	0.019157622386	0.000839519749038	0.0280359941292	0.0440557749944
463	0.19027290519	0.0193547387761	0.000850396608234	0.0280878660466	0.0443084627146
462	0.190540446297	0.0194218822327	0.000854818088155	0.0281615736042	0.0444444700264
461	0.192436355787	0.0195146574865	0.000866049895412	0.0281825880323	0.0445237036568
460	0.192993797741	0.0195869369384	0.000872138426935	0.0283320811473	0.0449808652629
459	0.195215761275	0.019702895599	0.000883283326182	0.0283488002908	0.045420181564
458	0.19532491652	0.0193545056476	0.00087727417068	0.0276947524854	0.0436324206699
457	0.195630379025	0.0194284569719	0.000884121759239	0.0277296393304	0.0436923677184
456	0.19609275587	0.0194796270191	0.000887310191976	0.0277428018404	0.0437683782192
455	0.196165470692	0.0195526326191	0.000892395198835	0.0280959335398	0.0438748584511
454	0.196109187701	0.0196816910181	0.000899683151513	0.0282125359349	0.0444590053311
453	0.196763734021	0.0197135584813	0.000904928158491	0.0287405932927	0.0447743468663
452	0.197092113575	0.0198210043118	0.000909413161422	0.0287952371412	0.0449399293463
451	0.197220006144	0.0198796383541	0.000912978852168	0.0288805738337	0.0450400219317
450	0.197250785954	0.0199790741645	0.000916292839336	0.0295877356877	0.0452661841205
449	0.197826723276	0.0200822645566	0.000923064651343	0.0306081022605	0.0453377940674
448	0.198059458412	0.0203115615904	0.000933454626418	0.031023388539	0.0472455679935
508	0.157842345549	0.0174476304104	0.000654968303754	0.0229281635445	0.0399682238509
509	0.155741480819	0.017398457662	0.000649966818117	0.0228369032095	0.0399698930806
510	0.155609836874	0.0173285383493	0.000648031278153	0.0228044817534	0.0398908471445
511	0.155391488984	0.0172535539348	0.000645794842351	0.0227036897667	0.0398423945061
504	0.159568761413	0.0170691345321	0.000631598612191	0.02266195616	0.0371338278534
505	0.159318587626	0.0170202845094	0.000628872174877	0.0226555806874	0.0369810763106
506	0.157980305745	0.0169612670836	0.000623936198027	0.0224990074598	0.0369074736517
507	0.157894340723	0.0169124239352	0.000622549968106	0.0224831692844	0.0368656381648
500	0.167215243098	0.0170744581851	0.000650978306765	0.0220936206322	0.0361462270212
501	0.166551896778	0.0172333030275	0.00065391744982	0.0227504430366	0.0374135893345
502	0.164294921999	0.0172067447389	0.000646315369313	0.0227419132859	0.0372821473864
503	0.16061719524	0.017129667096	0.000634685438015	0.0226812687205	0.0371616264054
496	0.17226431951	0.0172879914357	0.000669767282062	0.0222565027079	0.0364104242964
497	0.172264699366	0.0172437607689	0.00066717833167	0.0222546312007	0.0363730517875
498	0.169548591185	0.0171857168249	0.000660142090524	0.0222346723599	0.0363003809909
499	0.167579402152	0.0171234623313	0.000653313431569	0.0222237389686	0.0361630877837
493	0.173946420783	0.0171802979753	0.000680591497744	0.0223863716978	0.0373642665252
492	0.178894120296	0.0172902783754	0.000694116774429	0.0224777585561	0.0374687027766
495	0.172531044868	0.0173585522811	0.000673479588305	0.0222803713806	0.0371769113123
494	0.172890815861	0.0172726770935	0.000674744747402	0.0223323052828	0.0372996729553
489	0.180014363696	0.0175174352194	0.000708722144894	0.0228833057753	0.0385321597909
488	0.180098008496	0.0175964811533	0.000711370914661	0.023243116051	0.0385311020429
491	0.179836525162	0.0173736034156	0.00069824559393	0.0225317096913	0.0382638570294
490	0.179945398275	0.017444215516	0.000706462159481	0.0225616165217	0.0384411316608
485	0.184375702276	0.0178295818571	0.000732519179371	0.0234987070759	0.0386199410793
484	0.184812839905	0.0179392533076	0.000736467998072	0.0237557550811	0.0389198614376
487	0.180413494422	0.0176710764574	0.000717022053315	0.0232580416978	0.0385732573422
486	0.180476872392	0.0177326515686	0.000720173913995	0.0233016120004	0.0385794302038
481	0.186285995161	0.0182638698036	0.000753570740631	0.0238736170158	0.0405410354622
480	0.186431930124	0.0183236290647	0.000756250776699	0.0240206238949	0.0407712714041
483	0.18527344704	0.0180239466405	0.000742022305524	0.0237757916119	0.0394941106491
482	0.186245023791	0.0180907153614	0.000747023960996	0.0238235524502	0.0397084373225
550	0.198403628346	0.0182094886785	0.000898891389908	0.0222665828671	0.0390664325612
551	0.197318102606	0.0182728788648	0.000895049176617	0.0224190231483	0.0367850423088
548	0.194691657564	0.0181082415789	0.000879499634814	0.0220783802338	0.0384741001353
549	0.197710613143	0.0181275796561	0.00089465283965	0.022110918261	0.0387718167529
546	0.193034919992	0.017800565972	0.000869779409063	0.0218504884342	0.0379573223928
547	0.19344255869	0.0180217399217	0.000873198694641	0.0218658518093	0.0378962258591
544	0.192273136565	0.0176781125949	0.000863718621536	0.0217899388968	0.0374940562911
545	0.193778516169	0.0177209971754	0.000864555391643	0.0218305733209	0.0376213395964
558	0.190208499463	0.0186312156568	0.000908567027048	0.0223466631212	0.0367216118832
559	0.185783342552	0.0186442354952	0.000897940383017	0.0223664776434	0.0367905970548
556	0.196663758802	0.0185589638898	0.000913235535918	0.0223452024835	0.0368415392119
557	0.19383696685	0.0185957943998	0.000908891219126	0.0223905619065	0.036742827509
554	0.19772870329	0.0184386342295	0.000907948403128	0.0224259854313	0.036865219197
555	0.19694155271	0.0185302315155	0.000911335525108	0.0222802188024	0.0368357508906
552	0.197155367076	0.018324426119	0.000892371286607	0.0224809647916	0.0367966993686
553	0.197472796928	0.0183384415295	0.000896670828012	0.0223677656328	0.0367120453949
567	0.198863885818	0.0191102845841	0.000959444030184	0.0239984824717	0.0367569098299
566	0.193356869923	0.0190409052315	0.000947296259525	0.0226133791481	0.0364950519603
565	0.191831074989	0.0189420279978	0.000939310862185	0.0226574304208	0.0364396527483
564	0.186624062876	0.0188576008658	0.000919882826526	0.0226954376286	0.0373772014108
563	0.186947292408	0.0188166585655	0.000918953838593	0.0226975523639	0.0373238827895
562	0.186260480832	0.0187162338018	0.000905436743271	0.0224427924241	0.0373067807538
561	0.184377724435	0.018691699469	0.000900986271835	0.0223825988437	0.0372848254464
560	0.183926213953	0.0186806979889	0.000899005484549	0.022325643676	0.0372143432203
575	0.200580326371	0.0191092589751	0.00095788018482	0.0238255543195	0.0352103531102
574	0.198609350367	0.0190634290603	0.000947977005972	0.02380245595	0.0350911907604
573	0.199071984347	0.0190623039981	0.000950595475195	0.0238405394992	0.0350841906281
572	0.197545022294	0.0190169929032	0.000943572006506	0.0240700830535	0.0350073169018
571	0.198335993601	0.0189988022114	0.000943097918074	0.0246280527243	0.0350015756341
570	0.201788006051	0.0191302075186	0.000974696417694	0.0244576575531	0.0352503201486
569	0.200888573754	0.0190707157188	0.000969478219544	0.02448220263	0.0352115448084
568	0.200066858368	0.0190307874432	0.000966590072041	0.0242505776839	0.0351785320969
516	0.152292487165	0.0169963953688	0.000628239558977	0.0223926870171	0.0388065021497
517	0.151768218885	0.0169033411259	0.000624462785045	0.022355441563	0.0387738477086
518	0.150818309899	0.0168858615843	0.000619710189523	0.0223366785884	0.0387099031688
519	0.150476428612	0.0168418859766	0.000617587767907	0.0222842104834	0.0387144173892
512	0.155093616167	0.0171919931633	0.000642716595706	0.0226923259856	0.0398002283967
513	0.154470438577	0.0171509977427	0.000639139316467	0.0226566443227	0.0397630615116
514	0.153240955284	0.0170701211813	0.000633451351193	0.0226046533144	0.0389099072379
515	0.152990441793	0.0170420194087	0.000631257977504	0.0225805227444	0.038843107474
524	0.149796019125	0.0173921395304	0.000705317976749	0.0222412993886	0.0386562280672
525	0.149669857324	0.0173449753788	0.000702860746234	0.0221370509782	0.0386729005316
526	0.149614761686	0.0172792312579	0.000701532781539	0.0219424509731	0.038669368676
527	0.149515260119	0.0171815928641	0.000693715055797	0.0218037155199	0.0382049283865
520	0.150128296089	0.0177696303717	0.000718585674846	0.023076753178	0.0436305380312
521	0.150084324108	0.0175892440947	0.000713094055612	0.0222583245056	0.0387250188805
522	0.15008530362	0.0174862016111	0.000711208814042	0.0222528158478	0.0387204192165
523	0.149938405472	0.0174302101396	0.00070831757751	0.0222441648488	0.0386718098721
533	0.148813761483	0.0170275561307	0.000661951250871	0.021314247514	0.0380361062554
532	0.148835620657	0.0170753802643	0.000665025339936	0.0213888979743	0.0380709418887
535	0.148218598563	0.0169391008576	0.000655680826473	0.0212428587644	0.0379554053984
534	0.148547098199	0.0169833894379	0.000659514373081	0.0212876754957	0.0379769632991
529	0.148859496631	0.0170563388632	0.00068223831994	0.0216606675653	0.0381368986016
528	0.149168395717	0.0171342825499	0.000690357747414	0.0217601290168	0.0381530963625
531	0.148851922264	0.0169594275496	0.000668734325595	0.0214656834783	0.0380998288058
530	0.148854894132	0.01701242312	0.000671660772959	0.0214763034884	0.0381182411373
541	0.190325130916	0.0173253343172	0.000841164492448	0.0211504717505	0.0369350972573
540	0.145585175543	0.0166017224797	0.000639572065412	0.0205730955815	0.0377889314832
543	0.192288582675	0.0175879784524	0.000857890094501	0.0215410115003	0.0372255688632
542	0.191690546343	0.01744094429	0.000852351119464	0.0212252711999	0.0369491686139
537	0.147544049272	0.0167777811697	0.000649908580602	0.0206150982962	0.0378975554629
536	0.14798277414	0.0168224010842	0.000652694449699	0.0206150757056	0.0379223806951
539	0.146998482412	0.0166725004018	0.000644901222119	0.0205766780419	0.0378012051107
538	0.147429179124	0.0167283411067	0.000648413618982	0.0205835952069	0.0378344744747
610	0.208153132099	0.0222077794631	0.000971688925246	0.0282596593538	0.0538591337307
611	0.207959948348	0.0223016346745	0.000971066636046	0.0284330624892	0.0537555821741
608	0.210424255846	0.0219599537777	0.000962397866487	0.0281721455528	0.0520538147646
609	0.209348916373	0.0219582556649	0.00095794799088	0.0282669125412	0.0521607685114
614	0.208538220592	0.0224200453595	0.000966170067812	0.0276001024824	0.054160330628
615	0.209346353277	0.0224557940648	0.000970573540864	0.0277396101289	0.054443753779
612	0.20917386876	0.0221328188369	0.000968279977044	0.0270497991027	0.0530961559934
613	0.208086157348	0.0224599956373	0.000974048932427	0.0276947193171	0.0541395075503
618	0.210724030044	0.0226473256603	0.000981033056385	0.0275823147012	0.055168120458
619	0.209781757048	0.0226703856044	0.0009810820645	0.028129092551	0.0556404913586
616	0.210169118148	0.0225805872836	0.000978529352985	0.027372571322	0.0545134292746
617	0.209912627732	0.0226551561446	0.000979222158978	0.0275805121053	0.0549411282787
622	0.210912916981	0.0222101359944	0.000935427237556	0.0280427511629	0.0546243479469
623	0.212045761271	0.022283095061	0.000947034536147	0.0280480473582	0.0547597303539
620	0.210734347718	0.0220098471717	0.000917181553708	0.0278321195633	0.0543022969693
621	0.210362454902	0.022214387818	0.000930886941335	0.0278306783117	0.0559373578549
627	0.212076840456	0.0225303048675	0.000953148615108	0.028258805071	0.0545729506137
626	0.212219661607	0.022456113518	0.000961421808625	0.028198431017	0.054257578027
625	0.2118633625	0.0226866817543	0.000982570824405	0.0281631212823	0.0548455162615
624	0.213067209853	0.0223196389081	0.000953787155162	0.0281508283807	0.0546140661064
631	0.262045012508	0.0251718565155	0.00142368682987	0.0310290564781	0.0550334619595
630	0.262109270245	0.0248719686842	0.0013205968757	0.0334367627769	0.0548919584394
629	0.262162310297	0.0249017853046	0.00132211730905	0.033430426853	0.0549549531662
628	0.262494816028	0.0249982632525	0.00133852459558	0.0337809292623	0.0557104828637
635	0.26323810495	0.0247270983787	0.00136334641762	0.0329572954985	0.053735567158
634	0.263600268062	0.0246830582108	0.00136663066578	0.0313017662605	0.0537942213845
633	0.25980631373	0.0248811871149	0.00137319162589	0.0310654915222	0.0546262184376
632	0.25937915018	0.0250837006979	0.00139642879557	0.0311192875052	0.0547260746795
639	0.261538658821	0.0246717519969	0.0013583577802	0.0328409634498	0.0529126974039
638	0.261756255078	0.0246966461058	0.00135905691702	0.0329546200393	0.0529422966662
637	0.263051797414	0.024719566124	0.0013673472882	0.0330153226739	0.0530090760365
636	0.261948239445	0.0246997579216	0.00136137490413	0.0329414572803	0.0531763475965
576	0.202291611002	0.0192080501043	0.000964311625172	0.0237171210902	0.0358472362945
577	0.203379368633	0.0191972746133	0.000965766539306	0.0236059699027	0.035362977226
578	0.204137183516	0.019342224189	0.000974002022972	0.0235618591862	0.0404837296064
579	0.202581210002	0.0194527073595	0.000977356459621	0.0236257481479	0.0409637712432
580	0.203564699138	0.0195197959283	0.000987457646759	0.0231850995032	0.0410634196601
581	0.20418824412	0.0200289025632	0.00100566667444	0.0239673079519	0.0482389097925
582	0.206888992814	0.0200798565983	0.00101532182526	0.0239577820709	0.0480942729914
583	0.20770894651	0.0197698383706	0.00100754102945	0.0233720748909	0.0410925058005
584	0.206274392685	0.0198445730374	0.00101898165173	0.0234455873851	0.0409918812728
585	0.207402127018	0.0198883558589	0.0010275560679	0.0232763001354	0.0411042590992
586	0.207832205694	0.0199810765929	0.00102721010984	0.0241114895508	0.0410952075728
587	0.208608477962	0.0200111157933	0.00102354292174	0.0241574728398	0.0412736017154
588	0.213678809463	0.0201146931719	0.00102892059767	0.023805415296	0.0415099172552
589	0.21337685457	0.0201160206167	0.00102931230331	0.0237234331352	0.0410489052599
590	0.214153966086	0.0201230132481	0.00102386929653	0.0237416636172	0.0414275149655
591	0.211300721015	0.0200602045447	0.00100526227609	0.0237776359193	0.0416714449176
593	0.214583221135	0.0200978145064	0.000985275771743	0.024055835149	0.044644758289
592	0.212918043465	0.0199420067393	0.00097748738033	0.0239668222114	0.0415393143689
595	0.214714183442	0.0209222528756	0.00100152719204	0.0253605458455	0.0494199886453
594	0.214830825977	0.0202123780144	0.000982113815517	0.0240401541751	0.0472170505641
597	0.215488701365	0.0210200682201	0.000996184060104	0.0253414376355	0.049564071282
596	0.213854749629	0.0209500199245	0.000997276657997	0.0253545198463	0.0496103549652
599	0.215939800438	0.0211174250582	0.000992549890148	0.0254959548313	0.0492367964143
598	0.215369680876	0.0210981001704	0.000996371625313	0.0255456437516	0.0490734014554
601	0.217206677778	0.0211222807515	0.000991431910378	0.0255211693092	0.0492858426664
600	0.21712444903	0.0211755921589	0.000996535198025	0.0254197542781	0.0492085623284
603	0.219833116472	0.0211240277681	0.00100191673645	0.0262888728413	0.0487366753217
602	0.219666562101	0.0211010090926	0.00100361175143	0.0261316520521	0.0489596069241
605	0.222564714013	0.0217051943158	0.00100767747886	0.0270478598933	0.0512078850807
604	0.220763396576	0.0211730720147	0.000997787788526	0.0266377024148	0.0483783906648
607	0.221516408849	0.0220090773818	0.00099277639708	0.0279435841504	0.0520337374047
606	0.221584547773	0.0217186006235	0.00100050483654	0.0263996824663	0.0517357022115
687	0.250962499402	0.0211669973542	0.000985199906553	0.0279176506104	0.0455877651513
686	0.252616333681	0.0211558458683	0.000992894120386	0.0279439085398	0.0450187486265
685	0.252711404408	0.0214005099957	0.000992752431726	0.028752291283	0.0451954298954
684	0.254003565973	0.0211861019667	0.000991234711078	0.0280559436715	0.043627264114
683	0.255730846082	0.0208651523807	0.000992859914963	0.0274451238921	0.043568614476
682	0.255511766788	0.0208857136151	0.000984357569609	0.0275624656145	0.043408204111
681	0.257709705031	0.0209743307735	0.000994514955831	0.0277951314001	0.043492381284
680	0.258500631485	0.0210994428551	0.00100499994688	0.0280263527115	0.0442862261643
679	0.258867268135	0.0218758046704	0.00106884129461	0.0282996968328	0.0506131508812
678	0.258058518981	0.0226161344931	0.00109570089877	0.0291788139198	0.0521738729807
677	0.257929679098	0.0220314657938	0.00105131594382	0.028634337278	0.0496912806302
676	0.258186414296	0.0220900460097	0.00105204097624	0.028921868379	0.04972992985
675	0.258656830395	0.0221556269644	0.00105629214501	0.0288856858874	0.0496471441721
674	0.259629160364	0.0221859165974	0.00106315223737	0.0293846534744	0.0502847347589
673	0.263783829156	0.0224291244979	0.00108325863672	0.0296153851937	0.0520980960489
672	0.265807938876	0.0224734324243	0.00109446785692	0.0299182530164	0.0522182020592
702	0.188360940367	0.0200838087194	0.000756169055945	0.0296546318604	0.0417755928219
703	0.188091853007	0.0189018095344	0.000642278845677	0.0283208308344	0.0401152152153
700	0.191597655777	0.0203217128028	0.000774148273841	0.0296064491252	0.0419265733157
701	0.191208301772	0.0202653684264	0.000768365338507	0.0296266896192	0.0417821372514
698	0.193454425466	0.0203444657287	0.000789758646936	0.029818624972	0.0425997204124
699	0.192661743508	0.0202906097346	0.000779964053288	0.0296347353795	0.0425197192034
696	0.195087834259	0.02021201497	0.000798338027183	0.0293472940817	0.0420832592385
697	0.193603918988	0.0202468940941	0.000796419322555	0.0293901466347	0.042892585707
694	0.195955988927	0.0205233681507	0.000819929434124	0.0313075348221	0.0438150741869
695	0.196006423173	0.0205120113754	0.000815804291301	0.0295997006768	0.0436022913397
692	0.19525810412	0.0205885792389	0.000826106741745	0.0274254786561	0.0441147840485
693	0.195648511241	0.0206318720655	0.000824173001876	0.0315959082419	0.043890039327
690	0.195472045576	0.0206662841631	0.00082074727061	0.0276010183264	0.0443609649328
691	0.19551091074	0.0206235722227	0.000818099284759	0.0275995721343	0.0441700131036
688	0.19820483608	0.0207221985455	0.000832046859603	0.0279400210966	0.0450625534118
689	0.196164728325	0.0206209092752	0.000825964081341	0.0277104931361	0.0448969162277
653	0.264531880336	0.024608951267	0.00128465517339	0.034569052022	0.0529118747064
652	0.263652115761	0.0246550172176	0.00129650696531	0.0333366691622	0.0526779066999
655	0.268387633673	0.0244387826223	0.00125838569083	0.03427064862	0.053353365104
654	0.266889728054	0.024509191663	0.00126498967361	0.0344608516917	0.0534342430395
649	0.263622777902	0.0246050876417	0.0013050803413	0.0332105162843	0.0530785489536
648	0.261554505229	0.0246336616208	0.00130304643285	0.0326370068992	0.0529614388933
651	0.263045093913	0.0245759928651	0.00129903178243	0.033308212904	0.0526170858171
650	0.264599609055	0.0246196448858	0.00130482725853	0.0333419376154	0.0528848150051
645	0.261477255595	0.0242587736439	0.00129677834779	0.0323558539878	0.0529493537469
644	0.26103231101	0.0242657895415	0.00129577339186	0.0322728553666	0.053073263962
647	0.261435694514	0.0244487247133	0.0012973825382	0.032705927884	0.0530049156072
646	0.262381767299	0.0242505079759	0.00130097914982	0.0323271911749	0.0529620394752
641	0.260650688504	0.0246109140111	0.00134356921134	0.0329042919853	0.0528766782345
640	0.261028986284	0.0246176513137	0.00134447087365	0.0329352202111	0.0529432550685
643	0.262257687743	0.0243732563123	0.00131036751469	0.032328738944	0.0526509421967
642	0.259843326662	0.0244873117426	0.00132885930538	0.0321822133647	0.052667676451
668	0.269116550407	0.0228908617778	0.00113804301929	0.0304654935717	0.0536781372055
669	0.267120566786	0.0227129818726	0.00111496263174	0.0303535291364	0.0536992953003
670	0.267096263621	0.022626870313	0.0011113216583	0.0299299993016	0.0537119447085
671	0.266263532048	0.0224694676065	0.00109604474522	0.0299372358277	0.0521744197799
664	0.266197090524	0.0228547019478	0.00116025905564	0.0304243677836	0.0517711102919
665	0.263439137435	0.0227901632006	0.00114231882835	0.0302815866563	0.0517275807166
666	0.269442405676	0.023082076787	0.00116562766259	0.030348771734	0.0535795208882
667	0.26928209301	0.0230458663107	0.00116160559815	0.0304346571338	0.0535417448959
660	0.266657290653	0.0238769308715	0.00123098284582	0.0316088654592	0.0535333468843
661	0.266202764172	0.0237843610263	0.0012193318666	0.0309531974414	0.0538262465718
662	0.265747049037	0.0235054195943	0.00121166711845	0.0303547481699	0.0536257730597
663	0.265332575172	0.023481044645	0.00119982997091	0.0310710494034	0.0536295312756
656	0.267479529798	0.0244396464284	0.00124946354999	0.0339692706989	0.0533688083696
657	0.265960964937	0.0242935214045	0.00124728180304	0.0334907996976	0.0533368167561
658	0.266563675748	0.0237998667204	0.00122387636969	0.0319199935756	0.0527281285075
659	0.266994864973	0.023798126205	0.00122460782355	0.0319453255747	0.0517340325856
747	0.149240424781	0.0129404414349	0.0003096033208	0.0179572744223	0.0276935368168
746	0.150019914333	0.0130248347367	0.000313255947772	0.0180557291133	0.0289486262559
745	0.150309479151	0.0132136398884	0.000318718732149	0.0187902425695	0.0296502873767
744	0.151660340797	0.0133165843232	0.000324489363654	0.0190857794095	0.029822323406
751	0.146791961671	0.0128331126169	0.000300781193714	0.018083647184	0.0285831739791
750	0.145911963822	0.0127805932352	0.000298115690101	0.0178906225873	0.0284043617854
749	0.147633991346	0.0129036977142	0.000303893342705	0.0178622537029	0.0283569858313
748	0.149373882484	0.0129226258721	0.000307288685936	0.0179594354442	0.02807913734
739	0.168970977065	0.0137292063087	0.000364167774751	0.0203736939834	0.0307299722494
738	0.166814335675	0.0138298109623	0.000362053704801	0.0204177445501	0.0315152606783
737	0.167969485353	0.013939147193	0.000365255014106	0.0204411219855	0.0319728377714
736	0.168372191058	0.0143130325914	0.000374072426654	0.0216441549692	0.0322624948269
743	0.153443203344	0.0133613094225	0.000328599349103	0.0191258457376	0.029866032075
742	0.155514344122	0.0134626663495	0.000333538123655	0.0193925203261	0.0299620040455
741	0.168366429748	0.0136262109434	0.000361466026477	0.0198313094363	0.0305116085801
740	0.168659429333	0.0136094699248	0.000362565082203	0.0200165139393	0.0304620254044
762	0.190863032692	0.018050195086	0.000562483909597	0.0252097861298	0.0401503309776
763	0.190636392558	0.0180824399912	0.000562554328013	0.0252622174325	0.0402416271064
760	0.191490764834	0.0179862673096	0.000559273918188	0.0251432773926	0.0401592735862
761	0.190582619169	0.0179756341953	0.000555866221246	0.0250927799089	0.0400692606604
766	0.190473791309	0.0181943208535	0.000563536249172	0.0256252078049	0.0409390029129
767	0.190422472211	0.0181902459294	0.000562524076837	0.0257092535866	0.041022342314
764	0.190698060292	0.0181417937329	0.000563700594939	0.0253965161881	0.0405898593084
765	0.190609776635	0.0181566266483	0.000563311895562	0.0255858226097	0.0407730707878
754	0.148478005941	0.0129281550256	0.000306380126438	0.017955560778	0.0289101411274
755	0.149892292983	0.0129309582356	0.000310297324415	0.0178486217214	0.0289654900966
752	0.147370825246	0.0128730219217	0.000302307838441	0.0181303646969	0.0287756510507
753	0.147458016111	0.0128882524929	0.000303565624783	0.0178576436822	0.0288921806154
758	0.191333636346	0.0181096092878	0.00055692247325	0.0254225003609	0.0394442028648
759	0.191163318684	0.017967928948	0.000556007186024	0.0251680412688	0.0398367451481
756	0.192061829515	0.0180605433414	0.000558574004021	0.0252931257597	0.0393113796418
757	0.191338562285	0.0180803812773	0.00055657597921	0.0253566451031	0.0393920352504
713	0.18412677244	0.0174467915748	0.000589887637837	0.0222839553855	0.0369316164699
712	0.183823118598	0.0174548817519	0.000588215672931	0.0223489665617	0.0372122429826
715	0.183682408053	0.0174080062881	0.00058789201587	0.0219947550015	0.0366484177963
714	0.184277359295	0.0174634620539	0.000591677093915	0.0221709090711	0.0369542178181
717	0.182107211292	0.017319624349	0.000579497258149	0.0222589992285	0.0361423884118
716	0.18227853409	0.0173201961242	0.000581338578105	0.0218476437282	0.0363179674913
719	0.17566129947	0.0174858753178	0.000554704698354	0.0233787922002	0.0353357656621
718	0.181166042225	0.0172979162925	0.000570851439313	0.0226817719031	0.0358337772406
705	0.187777777511	0.0180643125171	0.000620063167628	0.0256266575368	0.0382300838179
704	0.18758284925	0.0181774661734	0.000624755252272	0.0257230745487	0.0383363259399
707	0.186985312334	0.0178021872819	0.000608591885401	0.0237834300421	0.0369912971968
706	0.187793986641	0.0179317988513	0.0006135263606	0.0238948648667	0.0378786310423
709	0.185939285522	0.017657350654	0.000600702712021	0.0231012681338	0.036188343402
708	0.186285243722	0.0178092879645	0.00060545203576	0.0237030313223	0.0364059838323
711	0.18518052043	0.0175949874904	0.000595783958636	0.0228843813194	0.0366790050819
710	0.186030602517	0.0176511828682	0.000599169962844	0.0229240402969	0.0360414516824
728	0.173217945397	0.0158115358786	0.000465360633951	0.0230244755734	0.0337866250082
729	0.175057923856	0.0162997582101	0.000553114482539	0.0230465424866	0.0336428743847
730	0.175523844377	0.0150701899361	0.000417935637087	0.0218402200417	0.0332340452199
731	0.173048470539	0.015237234499	0.0004112865981	0.0227166687987	0.033707953777
732	0.172068046433	0.0151265859775	0.00040674824712	0.0229218805896	0.0336663026177
733	0.171372213183	0.0150355398887	0.000404195635763	0.0226182068296	0.0330398889133
734	0.169758637187	0.0149569866446	0.000400267639954	0.0225491196458	0.0327161916143
735	0.169366303442	0.0148070446318	0.000384910506171	0.0223771742915	0.0326155099184
720	0.175559917361	0.0164406181623	0.000489181459657	0.023242326745	0.0342725141746
721	0.175800154242	0.0164224529146	0.00048848475895	0.0239716430719	0.0341574534031
722	0.17559253484	0.0163259792517	0.000485219984876	0.023726266283	0.0342331324806
723	0.173593352744	0.0161929869261	0.000473231175238	0.0236477204039	0.0341425812706
724	0.173355569109	0.0161835427146	0.000471005044296	0.0233736982088	0.0341471711415
725	0.172449017324	0.0160317987309	0.000468392901502	0.0233751760457	0.0341445696229
726	0.172852105261	0.0160019756749	0.000469343209461	0.0232272643576	0.0342150064261
727	0.172597776169	0.0158842766193	0.000466018536869	0.0230989784748	0.0337567096824
821	0.177606769268	0.0188490689815	0.000551515272318	0.0257113431775	0.03798178033
820	0.177366172581	0.0189264439446	0.000554113485017	0.026560114965	0.0397381522067
823	0.176616681202	0.019074948304	0.000555331755223	0.0267262064744	0.0397575443186
822	0.176532313422	0.0190032558016	0.000551972810685	0.0267214793145	0.0395698615073
817	0.177604037487	0.0191518328414	0.000573579252566	0.0273887638507	0.0422448603707
816	0.177903351689	0.0193689460079	0.000579580634776	0.0278130750604	0.0422048360239
819	0.177321259847	0.0192078638261	0.000571354585856	0.0268101161523	0.042197230122
818	0.17757210605	0.0192085901301	0.000571956257164	0.0273673088606	0.0421589530944
829	0.176943115768	0.0195024351062	0.000576954101751	0.0269217170768	0.042632949008
828	0.176779364526	0.0194703983548	0.000574430933352	0.0268953193411	0.0427092292189
831	0.176627216881	0.0195234677318	0.000575284182916	0.0275671749005	0.0413336167984
830	0.176803823962	0.0194876426279	0.000574539195535	0.0271264096653	0.0412620126843
825	0.176742914456	0.0191527152201	0.00055920797593	0.0266944411948	0.0399767455614
824	0.176979016588	0.0191107064629	0.000557839556468	0.0267049711296	0.039873657293
827	0.176350970455	0.0194258341688	0.000571689936577	0.0268980589976	0.0426000890494
826	0.176763479931	0.0193619987124	0.000567082444738	0.0266963514795	0.0425793243762
804	0.177793262371	0.0193479998538	0.000575667114254	0.0294251664107	0.0428596663245
805	0.178150897399	0.0193812431168	0.000576746184846	0.0295023874718	0.0430146958423
806	0.17871986147	0.0193943913919	0.000579184991542	0.029531318544	0.0427602967249
807	0.178660830434	0.0194186927891	0.000581072838865	0.0294255104981	0.0427453277203
800	0.178044952763	0.0193510752905	0.000577374406646	0.0292546934455	0.0427336525832
801	0.177601551552	0.0192663231296	0.000573185274945	0.0292189163609	0.0427113674255
802	0.177572227137	0.0192621653042	0.000573797130511	0.0292645179527	0.0428339370888
803	0.177846628242	0.0192980722731	0.000575010769199	0.0292727278497	0.0429230866206
812	0.178439506166	0.0191392873093	0.000567556382095	0.0270503043821	0.0416764953367
813	0.177966198539	0.0191607939519	0.000568371451823	0.0269834552555	0.0419201419321
814	0.17771079716	0.0192425407986	0.000575088033973	0.0278248789936	0.0420442206605
815	0.177591343084	0.0193266536499	0.000578879941705	0.0278682330539	0.0420511488697
808	0.178683594877	0.0190631861823	0.000573151881815	0.0282474333665	0.0412859788996
809	0.178863668611	0.0191366702565	0.000572992755961	0.0286586240569	0.041457598825
810	0.178702476176	0.0191009063543	0.000570996207583	0.0279708570725	0.0414144647407
811	0.178696695658	0.0191717227996	0.000569514518709	0.0270245894783	0.0415641130766
791	0.184597791756	0.0189539820071	0.000584425774193	0.0287475722932	0.0415757304056
790	0.185625190974	0.0190144009753	0.000590242240658	0.0287937222219	0.0411740809088
789	0.185571277225	0.0189189115799	0.000575267489958	0.0287028111232	0.0412238903181
788	0.184796539274	0.0189238152801	0.000576837643246	0.0288265774556	0.0412123180783
787	0.185550021875	0.0188796051434	0.000576346428683	0.0287172641493	0.0412161950891
786	0.184210959769	0.0188214025285	0.000570936387234	0.0285920815116	0.0413944774936
785	0.18460740913	0.0188247307768	0.000572659966214	0.0287015594919	0.0415567656077
784	0.184835894436	0.018750246686	0.000570790739135	0.0287551175745	0.0412323442562
799	0.17791112964	0.0193059634655	0.000575997273658	0.0292525964769	0.0422436334865
798	0.177043330722	0.0192873070548	0.000573565719727	0.029175661928	0.0421987603587
797	0.176978434334	0.0192424978002	0.000571962111878	0.0291126426147	0.0420656152301
796	0.177027174994	0.0192178675445	0.000572052113182	0.029066726367	0.0421012259882
795	0.177243622061	0.0191869855319	0.000572134940089	0.0291453890914	0.0422125986681
794	0.177511729271	0.0191872699313	0.000574453711431	0.0288083411405	0.0421245866603
793	0.184384023715	0.0191031710501	0.000587824899085	0.02874969928	0.0421610505935
792	0.184538297942	0.0190085053417	0.000585063927599	0.0287836764001	0.0419607758443
774	0.185942182979	0.018330008004	0.000559756078632	0.0270916994164	0.0405434305445
775	0.18565849406	0.0183860444402	0.000560348662621	0.0271417450819	0.0406921137424
772	0.190630690858	0.0183501087214	0.000569117719556	0.0264748864643	0.0405133034459
773	0.186235715316	0.0183015332991	0.000558035837519	0.0269597481781	0.0407407106051
770	0.189943209316	0.018238582969	0.000564701852481	0.0259716025873	0.0408224389885
771	0.190490912304	0.0182921021171	0.000566725919737	0.0262033064741	0.0409097832754
768	0.189884620292	0.0182272300084	0.000562197353221	0.025753228785	0.0411745465781
769	0.189622684315	0.0181914144963	0.00056264431673	0.0258332050303	0.0405185006732
782	0.183806006714	0.0187165061745	0.000569415981656	0.0284075712194	0.0421641331866
783	0.184673058178	0.0187134210552	0.000569693567297	0.0286978482336	0.041036915411
780	0.184731798804	0.0186184741102	0.000566810031663	0.0280977987046	0.0418725098564
781	0.184097270991	0.0186540348079	0.000567631832737	0.0282810815185	0.042110610538
778	0.186151108886	0.0184745916675	0.000564792104721	0.0274606097799	0.0410977404882
779	0.186185270545	0.0186050786867	0.000570286993087	0.0279759949502	0.0418719931308
776	0.18544255895	0.0183860019161	0.000560103527026	0.0273383819543	0.0406878928734
777	0.185640883991	0.0184340534516	0.00056251440388	0.0274605728317	0.0410018977663
881	0.176127446247	0.0213706495492	0.000667825011397	0.0299778850836	0.0477911956077
880	0.175998385501	0.0216275716143	0.000669757076721	0.0300684704102	0.0475798269589
883	0.17553559684	0.0214048533758	0.000671102924932	0.0301863739252	0.0477903782375
882	0.175741010881	0.0213906505388	0.000667925581142	0.0301004416808	0.0476339049375
885	0.174490657973	0.0215600281884	0.000668516790229	0.0301610645002	0.0476100299432
884	0.17511785314	0.0214294426756	0.000669708031138	0.0300503661407	0.0478965621914
887	0.173430803445	0.021660695481	0.000669463210391	0.0297785263047	0.048846284119
886	0.174044739541	0.0215802521713	0.000667767213011	0.0298031129971	0.0478726705226
889	0.17312752978	0.0218752076225	0.000695032904776	0.0306043785523	0.0502895126932
888	0.173384177287	0.0218522937594	0.000690842986789	0.0303706442995	0.0500138876706
891	0.172720160327	0.022014133211	0.000706798766216	0.0312054824997	0.0519983668986
890	0.172705697109	0.0219328627825	0.000698870758495	0.0307536186649	0.0506062581214
893	0.171862675968	0.0221180225788	0.000710109362962	0.0313127488518	0.0543737051882
892	0.17190789722	0.0220627519603	0.000707408370714	0.0312453075026	0.0540565372298
895	0.171705346194	0.0220304322849	0.000709459791021	0.0310421158609	0.0546880236472
894	0.17217466649	0.0222051452804	0.000712418076002	0.0313246529104	0.0546811150572
864	0.178306582709	0.0207712035194	0.000631306125837	0.0294234278582	0.0453632639778
865	0.178130123082	0.0208012769876	0.000629396588349	0.0294316971914	0.0452738873247
866	0.178000495581	0.0209574983885	0.000641089486877	0.02973588411	0.045272720114
867	0.177976501672	0.0210079011562	0.00064291345917	0.0297833817861	0.0453691172626
868	0.177579942062	0.0210159709065	0.000641603868836	0.0298459545685	0.0456778024195
869	0.177175358751	0.0210546174532	0.000642869462709	0.0298968507004	0.0459081950992
870	0.177014913288	0.0211169437319	0.000643614263857	0.0299494862806	0.0459849162294
871	0.177339291025	0.0212562587914	0.000649985018338	0.029803029676	0.0476732308181
872	0.177299217503	0.0212519239641	0.000648175552114	0.0294026631592	0.0469874869485
873	0.177663354148	0.0213260590175	0.00065074181116	0.0294251205322	0.0471276471012
874	0.177217054357	0.0214547267368	0.000661662165581	0.0294510212489	0.0481184907741
875	0.176951234672	0.0214002472722	0.000662927304906	0.0294679472242	0.0481274704358
876	0.176861958208	0.0214345086292	0.000663912724747	0.0295947019409	0.0482491401113
877	0.17628190169	0.0214835478516	0.000659700867386	0.0299849287297	0.0478831603651
878	0.175969772269	0.0216378273004	0.000668372339645	0.0303630233816	0.047919736923
879	0.175603089406	0.0215740871576	0.000667922774015	0.0300555785197	0.0478526959867
851	0.178992309639	0.0200386706576	0.000604698661523	0.0277666817926	0.0439664379614
850	0.181532742024	0.0200445917418	0.000607438591386	0.027734572051	0.0436327252775
849	0.181357134125	0.0199998329312	0.000605275069666	0.0277517805793	0.0432183437157
848	0.181704733999	0.0199629780799	0.000605548183131	0.027792692253	0.0430812548481
855	0.179586102622	0.0203575293145	0.000622538712733	0.0279031096068	0.0449350425457
854	0.179138005547	0.020325986992	0.000619506310193	0.0281263111897	0.0448945828245
853	0.178810244572	0.0202742632864	0.000617310626871	0.0281179285093	0.0449041276476
852	0.178705688477	0.02005293971	0.000604287421106	0.0280189377362	0.0439944699535
859	0.179059914573	0.0205670800532	0.000629626027983	0.0289970511216	0.045189270607
858	0.178839609884	0.0205146542259	0.000626792607586	0.028693399268	0.0450226592724
857	0.179105426225	0.0204483872784	0.00062461566982	0.0283255723852	0.0450019033778
856	0.179482793636	0.0203954205915	0.0006243455874	0.0280370499761	0.0449451860171
863	0.177868485061	0.0207223099302	0.000628705870512	0.0294008933615	0.0452954629791
862	0.177512434681	0.0207125859635	0.000627977781067	0.0294272099907	0.0452205948535
861	0.178640985274	0.0206641333011	0.000629904726211	0.0294808529814	0.0452811855918
860	0.17885759171	0.0206046196049	0.000630149315659	0.0290170236634	0.0452550652744
834	0.182675505096	0.0196845325858	0.000594816394382	0.0275913585856	0.0416833518484
835	0.182802508779	0.0197041584681	0.000595501349916	0.0276017785782	0.0418446116032
832	0.182360311934	0.0195970828379	0.000592687968648	0.0272983599077	0.0413943708911
833	0.182315179912	0.0196395646685	0.000593322026425	0.027428438132	0.0415891387085
838	0.182635837661	0.0197039751785	0.000594420131795	0.0279308563737	0.0424086193427
839	0.182815981296	0.0197237373514	0.000595601020928	0.0279628911078	0.0425323620998
836	0.182797926212	0.0196306300668	0.000593247676009	0.0276828551814	0.0420539479384
837	0.18293345114	0.0196905155978	0.000595290692656	0.0277938685894	0.042307947168
842	0.183052849798	0.0198394588792	0.000606135003145	0.0280495238284	0.0427342523946
843	0.183322163372	0.0198471097991	0.00060701496541	0.028007909493	0.0428193834821
840	0.182722026068	0.0197943971112	0.000602308498387	0.0279139369076	0.0426103889078
841	0.183057053792	0.0197792376795	0.000603962668985	0.0279682049191	0.0426901261136
846	0.181994165573	0.0199000972965	0.000605520077515	0.0280995985613	0.0429628592312
847	0.182042937721	0.0199444956899	0.000606106146167	0.028175298464	0.0429895458427
844	0.183045689036	0.0198514573944	0.000606426825932	0.0281114396982	0.0428370976084
845	0.182553964002	0.0198611790868	0.000605479364255	0.0281199912056	0.04296983837
956	0.151006452714	0.0248024182029	0.000862764435819	0.0371629091962	0.0604736932357
957	0.150933954999	0.0250340719373	0.000872509875884	0.0395778446402	0.0601098564212
958	0.151251594304	0.0251509186117	0.000860706535681	0.0402784900149	0.0599176792312
959	0.149996286767	0.0252373168702	0.00085944115157	0.0396018945513	0.0600265528453
952	0.155108605929	0.0239919728571	0.000816196397762	0.036064370161	0.0605952553624
953	0.154758719187	0.024188115102	0.000823184196202	0.0361787994247	0.060818872453
954	0.152961635643	0.0244278889842	0.000825657649976	0.0371901494135	0.0605905044046
955	0.152400228987	0.0246848646778	0.00085861059811	0.0372443507155	0.0612207897924
948	0.158370007041	0.0237635586559	0.000802200305816	0.0354676417042	0.0589725362411
949	0.157315216216	0.023891477724	0.000804778709889	0.0354660483812	0.0601111019816
950	0.156193542276	0.0239145892461	0.00081162283038	0.0356362997571	0.0606899520929
951	0.155529202275	0.0239575285115	0.000810022643903	0.0358696686813	0.0607478771115
944	0.159539084224	0.023827932792	0.000818623818944	0.0352572390021	0.0610885759271
945	0.158996694107	0.0238830769756	0.000814078222263	0.0354243029618	0.061139494849
946	0.158853243183	0.023988596613	0.000815545980241	0.0355469242236	0.0610985968275
947	0.157949497127	0.0235563660614	0.000795060546053	0.0354437218942	0.0586012576881
941	0.160001133599	0.0236721689738	0.000812603814301	0.0350772774558	0.0579936830463
940	0.160699556931	0.0236431241698	0.00081455092969	0.0351528103549	0.0577069633448
943	0.159801973586	0.0237130380244	0.000814773868467	0.0352086681464	0.0601854951711
942	0.160427044523	0.0236530873855	0.000816596755149	0.0351160937466	0.0604224236011
937	0.160992805122	0.0233799611273	0.000795788419317	0.0345193885186	0.0563347458666
936	0.161333427264	0.0232464319969	0.000786837593695	0.0344098823118	0.0557324176891
939	0.160549829784	0.0235717315696	0.000804361995299	0.035275557608	0.0576476248352
938	0.160977582894	0.0234276921229	0.000795484282103	0.0345570089625	0.0563080773151
933	0.164954048981	0.0231729411914	0.000777995068829	0.0344513818968	0.0558719964818
932	0.16588900987	0.0231784675153	0.000781771062813	0.0340371671018	0.0567990767407
935	0.161693146923	0.0231465147039	0.000777868700937	0.0344639448785	0.0551365652723
934	0.163949737586	0.0230895855972	0.000775241709695	0.0345738815833	0.0548843418254
929	0.167895401408	0.0229287615993	0.000775997183614	0.0336446598097	0.0533464344436
928	0.168866041294	0.0228220571943	0.000771221303804	0.0335931090212	0.0530508685253
931	0.165185114215	0.0231216534961	0.000779603698662	0.0338424942622	0.0568147731116
930	0.165787453105	0.0230163775658	0.000779023036225	0.0336628958763	0.0543923879967
926	0.165544101162	0.023214673	0.000728478113121	0.0338122938239	0.0537090271644
927	0.165464809109	0.0232881048601	0.000730758016224	0.0339529074405	0.0539432048885
924	0.165925685272	0.0232947140677	0.000735430887846	0.0335580559888	0.0545265122694
925	0.1652976127	0.0233346741886	0.000735175203828	0.0337587842262	0.0545877018254
922	0.166206799321	0.0232170129173	0.000731606934785	0.0333628187128	0.0544335919904
923	0.165885915037	0.0232419188438	0.00073325811979	0.0334607442931	0.054529055745
920	0.162240386841	0.023049208895	0.000715690979018	0.0330651476405	0.0524699858966
921	0.165586463562	0.0231726877524	0.000731713853302	0.0331237593435	0.0531901005893
918	0.162355634863	0.0229801497558	0.000713117853482	0.0330278860431	0.0527010522577
919	0.1624394682	0.0230410783133	0.000715768158972	0.0330441070975	0.0530406109332
916	0.161987453522	0.0228282744644	0.000707850476858	0.0329850989979	0.0525066421193
917	0.162518827061	0.0229411110154	0.000713847414731	0.0330166817753	0.0524988016072
914	0.163013121392	0.0227580494403	0.000709277765656	0.0330124113045	0.0520925630663
915	0.162425219677	0.0227766777624	0.000708660060875	0.0329757350867	0.0522697793037
912	0.163932389145	0.0225024533835	0.000701077444778	0.032694131647	0.0509539192344
913	0.163287434559	0.0225844844598	0.000702004197049	0.0328759913466	0.0508323708383
911	0.1641181449	0.0224175235113	0.000700052259466	0.0327142916483	0.0507987285787
910	0.16444884029	0.0222654890113	0.000700349348459	0.0320396772695	0.051059366148
909	0.165183170427	0.0222739578275	0.000703761454458	0.0319106660418	0.0510837706619
908	0.165154654203	0.0221959619988	0.000702721338069	0.031905687363	0.0512159064962
907	0.165457307205	0.0222112751368	0.000704631222881	0.0318816516479	0.0519039778652
906	0.165937369184	0.0222530802305	0.000707787621393	0.0318355268923	0.0525318356902
905	0.166635015133	0.0221733629739	0.000699036578867	0.0318171187699	0.052793288522
904	0.167284471178	0.0222722851837	0.000705372562587	0.0318069461112	0.0575598892647
903	0.167671675207	0.0222214188092	0.000705246386522	0.0318744352147	0.0575306358995
902	0.16835534745	0.0221560113639	0.000705835269545	0.0317504515581	0.0574500187625
901	0.168734820794	0.0220839689763	0.000704459321598	0.0318780595484	0.0563598876772
900	0.168470305337	0.0220715672975	0.000702641181998	0.0315107483452	0.0563864065536
899	0.168813125397	0.0220314591475	0.000704814193007	0.031478834642	0.0564731643418
898	0.169226272414	0.0219808356868	0.00070373220959	0.0314667288132	0.0557058210961
897	0.16982541473	0.0219932722333	0.000705699094105	0.0314364218324	0.0554327561539
896	0.171512275934	0.0220374137053	0.000710355763992	0.0312617971146	0.0549847756779
1016	0.187121319582	0.0217945556053	0.000746095271302	0.0321324639319	0.0540515604996
1017	0.189330593556	0.0217862626968	0.000758199827251	0.031041138295	0.0532510677123
1018	0.122341273238	0.0200268492617	0.0005533447589	0.030733608916	0.0493562795111
1019	0.135861386958	0.0191504117895	0.000566409967585	0.0256315586679	0.0480905238449
1020	0.140997477758	0.0184153878555	0.000550669450546	0.0256139951694	0.0453786124694
1021	0.147803615181	0.0181616439313	0.000540289222787	0.0258003682585	0.0438341407707
1022	0.149283683701	0.0185128086633	0.000606542204625	0.026434642351	0.0452886944247
1023	0.149474257949	0.0185489850693	0.00060792648323	0.0252008080374	0.0452776920224
1008	0.176249125502	0.0219990051435	0.000747884243047	0.032899339019	0.0539043605765
1009	0.176784204885	0.0222415896603	0.000746946455744	0.0316648436973	0.0544239304202
1010	0.177862541456	0.0223817820902	0.000745190280187	0.0324219323186	0.054467699476
1011	0.178567542437	0.0222589486262	0.000737521537198	0.0323547721546	0.0545347477298
1012	0.180423028729	0.021774621741	0.000699570813785	0.0301090965492	0.0537180871617
1013	0.181389825788	0.0219957134392	0.00071085390742	0.032514288946	0.0547962226918
1014	0.182493480322	0.0221308400269	0.000724612897828	0.0336129919814	0.0549885402797
1015	0.183836287794	0.0222086043715	0.000743830161518	0.0335638177345	0.0555614517318
1001	0.13069316088	0.0224397256527	0.000670660827733	0.0351401447474	0.0573119698925
1000	0.13031962305	0.0223203328622	0.000664227411457	0.0349831247615	0.0573544315702
1003	0.131311790416	0.0219379937256	0.000656451339964	0.0325330405591	0.0552416058175
1002	0.131015083634	0.0218639433248	0.000667038608602	0.0323011125811	0.0558139700356
1005	0.132199598451	0.0216555030916	0.000649657719723	0.0308604293922	0.0539743933067
1004	0.131738897514	0.0218080112438	0.00065733512808	0.0318085124736	0.0551907264447
1007	0.174981210626	0.0218772910955	0.000729879140342	0.0310677288915	0.054822717249
1006	0.133052835248	0.0215310121907	0.000650905223425	0.0293392859958	0.0531207637444
993	0.131531723668	0.0229812401775	0.00069802180479	0.0365831607883	0.0562336470066
992	0.132774585225	0.0228780091314	0.000706510521201	0.0364683971017	0.0556946447133
995	0.130360965414	0.0226669127232	0.000682224696138	0.0358633499886	0.0564548837118
994	0.130479596197	0.0228659113733	0.000694691979728	0.0357751208742	0.0561155309497
997	0.129898705702	0.0228098745478	0.000684548103098	0.0352254667	0.0563426132396
996	0.130270661026	0.0228081661193	0.00068608035701	0.0356766572688	0.0563884844686
999	0.129980799454	0.0223166123798	0.000669835415133	0.0346925817052	0.0556391063308
998	0.129939597714	0.0224730649274	0.000673382928168	0.0353471871202	0.055872098107
986	0.13797893212	0.023986387965	0.000729001173578	0.0380698636866	0.059208901664
987	0.137367787673	0.0240098690064	0.0007398396083	0.0389859126015	0.0604103059391
984	0.126308685105	0.0243935057963	0.000729067453953	0.0391677225532	0.0619695340453
985	0.135112855684	0.0238532720763	0.000718701274968	0.0389556704917	0.0585335588191
990	0.134909245009	0.0228763244345	0.000709814902949	0.0369847876798	0.0546400612303
991	0.134297143251	0.0228292168611	0.000714453075288	0.0369503599714	0.0551936600391
988	0.136838856063	0.0237450553703	0.000740572250803	0.0380236815816	0.0606677195094
989	0.13661709589	0.0230743453976	0.000712904243334	0.0364734736015	0.0542847385673
978	0.157953904176	0.0247727424619	0.000787799358231	0.0400000722816	0.0635891594698
979	0.157683991421	0.0243595303866	0.000770406280317	0.0391573964929	0.0620979337981
976	0.15698039683	0.0255491239739	0.000844508199998	0.0404317668129	0.0649408383042
977	0.157830780415	0.0256740313027	0.000851040276677	0.0407830248689	0.0653851885314
982	0.163907095821	0.0244392311013	0.000811843700833	0.0382836548286	0.0605638849119
983	0.166014031844	0.0246306715079	0.000817429045179	0.0381406296306	0.0615600340928
980	0.159910974225	0.0244442114771	0.000777505903782	0.0389282715258	0.0616046188396
981	0.16237758642	0.024753093457	0.000816101039316	0.0385205033971	0.061446820643
971	0.153059902854	0.0256786562388	0.000846710619022	0.0419429159314	0.0643037003427
970	0.152187356569	0.0255847760135	0.000845571783821	0.042314837942	0.0638131768592
969	0.151315326898	0.0259109088122	0.000858043185015	0.0424160996709	0.0634706352351
968	0.151584835139	0.0262190580927	0.000893971963759	0.0419851198928	0.0681852692316
975	0.155661562903	0.0253477356208	0.00083859814021	0.0406528212217	0.0652276240968
974	0.156237847008	0.0253401341361	0.000840464249292	0.040412359587	0.0646969833257
973	0.155183883541	0.0257981823852	0.000845340037355	0.0409005461124	0.0654272847709
972	0.154277423007	0.0257601199559	0.000847078835471	0.041812092652	0.064431702859
963	0.149315560234	0.025655383902	0.000872245722699	0.0406265302333	0.0621414608102
962	0.151228960725	0.0255791301526	0.000874439721008	0.0400961921177	0.0620695245265
961	0.153511362761	0.0254795825689	0.000876695472219	0.0390962483934	0.0615422697731
960	0.156281109316	0.0252488138921	0.000875826541116	0.0393065238768	0.0601681074083
967	0.154676283335	0.0261384184874	0.000900257916056	0.0412579854494	0.0666346955187
966	0.153311035189	0.0259757976832	0.000894740631206	0.0417703380641	0.0649456317954
965	0.151854235055	0.026014130465	0.000896260378351	0.0412584225315	0.0639537466499
964	0.149869274954	0.0258694862465	0.000884932257185	0.0411862680252	0.0638161621902
1032	0.195873527911	0.0163001488649	0.000719060272314	0.0227315175	0.0344923188649
1033	0.199926705384	0.0160135532585	0.000765657320373	0.023039610725	0.0346647861875
1034	0.20087982894	0.0157885265239	0.000759511469543	0.0218763020048	0.0325186553298
1035	0.20083337407	0.0149046229722	0.00065439932348	0.0208943202857	0.0310719552883
1036	0.202532346976	0.0144332359597	0.000646955079166	0.0193381277137	0.0306804845309
1037	0.135050638434	0.012866256843	0.000438546777609	0.0159681333892	0.0287253109762
1038	0.133853681915	0.0115977628187	0.000359679811846	0.0156144726816	0.0284092245574
1039	0.126599051003	0.00984320452734	0.000262883998796	0.0131608518362	0.0203021057843
1024	0.149529396617	0.0185230921014	0.000613658813938	0.0254537169633	0.0465811069584
1025	0.173315709664	0.0185765460466	0.000655266100133	0.0257263608521	0.0461608735076
1026	0.176693648029	0.0186669646901	0.000671003018961	0.0264017795542	0.0447712601614
1027	0.179833840974	0.0182207822508	0.000695774770957	0.0264143647652	0.0375664544597
1028	0.182743175455	0.0179145375502	0.00071317857662	0.0265046271821	0.0390549034144
1029	0.184989504621	0.0175864781704	0.000746354376416	0.0247003352147	0.0366392163897
1030	0.19306078466	0.0175809256685	0.000783841917909	0.0253201969465	0.037101978583
1031	0.194261565539	0.0165683595168	0.00072421815712	0.0214682127258	0.0350686701065
1049	0.0296647281037	0.000426867067523	6.54406502759e-06	0.000266184057536	0.000447933870182
1048	0.0297490075726	0.000739002356582	7.03899036244e-06	0.000666043384518	0.00126629271637
1051	1.69526744663e-08	4.25394277631e-09	1.14863200389e-17	6.31411165691e-09	8.85270340071e-09
1050	1.34612746984e-05	3.5433557045e-07	2.16815243685e-12	1.88275596651e-07	3.20148672952e-07
1053	1.69526744663e-08	4.25394277631e-09	1.14863200389e-17	6.31411165691e-09	8.85270340071e-09
1052	1.69526744663e-08	4.25394277631e-09	1.14863200389e-17	6.31411165691e-09	8.85270340071e-09
1055	1.69526744663e-08	4.25394277631e-09	1.14863200389e-17	6.31411165691e-09	8.85270340071e-09
1054	1.69526744663e-08	4.25394277631e-09	1.14863200389e-17	6.31411165691e-09	8.85270340071e-09
1041	0.14080377194	0.00870132650696	0.000272563912245	0.0101375849384	0.0182512177219
1040	0.129207703487	0.00916030482663	0.000251720264312	0.0108240468359	0.0194417482492
1043	0.0817340870024	0.00532359379339	0.000109356584432	0.00629957002899	0.00966346401
1042	0.0820800968287	0.00631035068978	0.000147781091046	0.00747974988303	0.0119388073776
1045	0.0851975669188	0.00399550013298	9.72855460603e-05	0.00411161959856	0.00699853070829
1044	0.0834448119624	0.00493418678674	0.000107782847786	0.00516174172079	0.00790454535466
1047	0.0417233229309	0.00147852708006	1.9353131791e-05	0.00154566548353	0.00273267601157
1046	0.0402311712197	0.00239449799663	3.20471798321e-05	0.00280744466804	0.00389125657758
