Engine started up
Pred.Date	MaxError	MeanError	ErrorVariance	Q80%	Q90%
2010-12-14	0.469579221576	0.10517296263	0.0151190028226	0.160743469332	0.378037820995
2010-12-13	0.116474074816	0.0384494714803	0.000666753320729	0.0633606069019	0.0734160068099
2010-12-10	0.30972753494	0.0461496038665	0.00601692568049	0.0519140663501	0.233116902943
2011-4-8	0.197600746038	0.0359566977481	0.0023433487557	0.039985185427	0.144150410569
2011-2-28	0.114998996152	0.0264196356377	0.000867656513004	0.0504859894937	0.0806549206976
2011-4-1	0.364456594659	0.0566993287236	0.00617109476355	0.1344926842	0.169381964927
2011-2-21	0.110056802934	0.0202518098143	0.000253935048024	0.0299234272032	0.0457633970854
2011-2-23	0.411755165523	0.0515491193431	0.0102094524583	0.0505985454795	0.245397312099
2011-2-22	0.250330726752	0.0356568413638	0.00366085765919	0.0373777739841	0.171398136369
2011-4-5	0.493686505092	0.0668899414555	0.0185159506102	0.0387852025217	0.439059866867
2011-2-25	0.199383733175	0.0422943229939	0.00252775780739	0.0730329392427	0.111284529068
2011-4-4	0.342468716604	0.0804868809689	0.0130069273626	0.183835063677	0.308846903845
2011-2-24	0.232140711875	0.0405167330736	0.00329845309049	0.0924939327717	0.156576822957
2011-4-7	0.211767398206	0.0289119569363	0.00259959560376	0.026243179543	0.156335649763
2011-4-6	0.0633387010749	0.0128957789776	0.000249159780548	0.01550222954	0.037031771296
2011-3-8	0.152189709328	0.0274855188664	0.00126727452356	0.0371797429193	0.104422215114
2010-12-23	0.111473185185	0.0257205298702	0.000584883292279	0.0392249167458	0.0712825103743
2011-3-7	0.19980422803	0.0299736912551	0.00239011097273	0.0301826409443	0.134797790756
2010-12-22	0.35948059749	0.0318075021365	0.00431458717025	0.0339308496337	0.0732964199724
2011-3-2	0.159793965444	0.0263360594359	0.00156260447104	0.0295358846455	0.10848958779
2010-12-21	0.312957278425	0.0558592326372	0.00328066248281	0.101687392338	0.135036124272
2011-3-1	0.130763419621	0.0211547950473	0.000598043319234	0.0449686354384	0.0564588633383
2010-12-20	0.802514465447	0.13636761887	0.0451387816505	0.159763604663	0.640955181323
2011-3-4	0.239994777372	0.0433632466826	0.00449515529134	0.105319373455	0.186009206476
2011-2-1	0.0432952190363	0.0119938697054	0.000104974546175	0.019957239123	0.0284755210366
2011-3-3	0.253196886275	0.0519012524334	0.0042233343085	0.115726400546	0.156748314145
2011-2-3	0.415902549312	0.0418539844493	0.00893365514305	0.0228946809496	0.21647377935
2011-2-2	0.116441205198	0.0293263882944	0.000577891873859	0.0451642377444	0.0715109887937
2011-2-4	0.115021167279	0.0242207847876	0.000388821629617	0.0395058108435	0.051169124259
2011-2-7	0.0451406290588	0.0147986821997	0.00017287189352	0.0294431518098	0.0332330173909
2011-2-9	0.155342416448	0.0197817767975	0.000581429720773	0.0249521925085	0.034485912591
2011-2-8	0.0617472392684	0.0133823154854	0.000150175028521	0.0190822360484	0.0300977622286
2011-3-9	0.274502015605	0.0463447976457	0.00270916313702	0.0773978439404	0.100990859397
2010-12-17	0.279509278341	0.0471577454045	0.00146977682371	0.0731776736371	0.0977127928601
2010-12-15	0.263925410648	0.0571972594248	0.00244214648101	0.0848200658603	0.130937072586
2010-12-16	0.358606011561	0.0968667465554	0.00665591275238	0.166602021089	0.235981213012
2010-10-8	0.394348639049	0.093361296052	0.0106715363828	0.170881864127	0.22669375163
2010-10-7	0.372648286793	0.100338134912	0.0105801367571	0.178876641983	0.274149648234
2010-10-6	0.286915533763	0.0428300434282	0.00381573552219	0.0804099710911	0.123762665134
2010-10-5	0.20899387908	0.0293754285557	0.00130482276159	0.0404839304951	0.0719377278041
2010-10-4	0.19646508296	0.039554945822	0.00244035863379	0.0693933888585	0.130470811802
2011-1-21	0.325090638949	0.0549583760024	0.00468771727932	0.101980356255	0.155550285484
2011-1-20	0.104547609823	0.0256939167443	0.000859378156089	0.035997240566	0.0791531966789
2011-1-26	0.335867184072	0.0443271504902	0.00506321718513	0.065786046204	0.137264877156
2011-1-25	0.387909757699	0.0474084068379	0.00922090716926	0.0356222275602	0.237645771948
2011-1-24	0.518057616489	0.0761755280605	0.0138946029725	0.100434783452	0.206842174562
2011-1-27	0.0587624277525	0.0187272231567	0.000236644115961	0.0321115528147	0.0423089843213
2011-1-28	0.0669885676355	0.0130179307102	0.000282296866495	0.0161565657589	0.0529090266392
2011-4-19	0.516837633693	0.107778998066	0.016004182677	0.140023484496	0.232170728717
2010-11-12	0.173183774827	0.038725065233	0.00186354435528	0.0751648958863	0.121080231886
2010-11-11	0.373887633092	0.125480135322	0.0113670930569	0.25249092316	0.278265043001
2010-11-10	0.39068573832	0.102282490016	0.0124068397112	0.207126992585	0.292601085029
2011-1-11	0.225352616975	0.0390984081041	0.00275037373845	0.0713407075087	0.11411336973
2011-1-10	0.240324905753	0.0496231372151	0.00348335159155	0.0713345446262	0.164521018393
2011-1-13	0.41778101558	0.0529662857484	0.0132062262418	0.0254099878089	0.349547012905
2011-1-12	0.251009000307	0.05178126997	0.00429558818344	0.0816389842024	0.181616685446
2011-2-17	0.16271176677	0.0235652447107	0.000984442525357	0.0460425608654	0.061369187651
2011-2-18	0.492435122058	0.0567698635013	0.0134012973602	0.0443074174512	0.196498505295
2011-1-14	0.293957403134	0.0389751010367	0.00409618726295	0.0364073376763	0.187954789728
2010-12-3	0.724729106999	0.114639838803	0.0377243148772	0.086144607395	0.511555553968
2011-2-16	0.118047467685	0.0198108411593	0.000689457619764	0.0224491888522	0.0723391286128
2010-12-2	0.29545338406	0.0499760852536	0.00497009802782	0.0834412241517	0.121567035056
2011-1-17	0.314333512317	0.0703563082961	0.00649918086259	0.101653755547	0.223079543878
2011-2-15	0.651995994446	0.088337074589	0.0327537638286	0.104183501301	0.54803814029
2010-12-1	0.108190508025	0.0274082629147	0.000744451243535	0.0290610272372	0.0879284649843
2011-1-18	0.236356124053	0.0283751779546	0.00134449348459	0.0649167549009	0.091195067571
2011-2-14	0.33334717566	0.0464480968376	0.0051776148397	0.0670885173283	0.181198974356
2011-1-19	0.208703661131	0.0306220769048	0.00174155331805	0.0345388891399	0.117323237824
2011-2-11	0.0881877356351	0.0182712806339	0.000421591646972	0.0292465086544	0.0605862496273
2011-2-10	0.0296560535065	0.00952332872466	5.94526072274e-05	0.0169522326541	0.0221666514636
2011-4-12	0.0385967114928	0.0104802807811	8.30094834491e-05	0.0201373865062	0.0258763941665
2011-4-11	0.228740092173	0.0293217568564	0.00172200665716	0.0312789602254	0.103204249272
2011-4-14	0.422363028874	0.0486058624585	0.0100296746235	0.0288616131779	0.28555492131
2010-12-9	0.791136653637	0.0510764347445	0.00645096410313	0.0575744186329	0.222810261538
2011-4-13	0.113547355445	0.0204008149834	0.000586922971506	0.0420596636634	0.0681604927581
2010-12-8	0.200505037517	0.046558334379	0.00271742852511	0.0941039641633	0.141762306532
2010-12-7	0.927488962219	0.0488649583309	0.00344449592511	0.0911335605437	0.112541539787
2011-4-15	0.0737947026952	0.0197720706114	0.000275907456003	0.0351911625328	0.0408193947259
2010-12-6	0.184366551468	0.0349881002689	0.0016194169743	0.0623410429403	0.0966992139045
2011-4-18	0.55601038597	0.0788409919371	0.0226439552991	0.0660557886783	0.435984006092
2011-3-29	0.0878418005457	0.0123944792066	0.000141058719911	0.014537772601	0.0261366452081
2011-3-28	0.18535621904	0.0309055098796	0.00156637336703	0.0500612139233	0.0849172883591
2010-10-25	0.259422914196	0.0552073394294	0.00288136172825	0.0850068557194	0.140063868156
2010-10-27	0.241091344856	0.0654668614262	0.00395052672799	0.123555787777	0.181660063016
2011-3-25	0.528753547491	0.135477088809	0.0284835825065	0.350682423939	0.434190568644
2010-10-26	0.356895048085	0.0968664294403	0.010185060917	0.197847806908	0.26448967911
2011-3-24	0.226925881567	0.0380277208794	0.00284677460954	0.0587013943441	0.103875612723
2010-10-29	0.743879245583	0.111740824077	0.0448003361577	0.15702314791	0.651707867678
2011-3-23	0.35419155343	0.0434930646382	0.00322624247386	0.0810523197697	0.134280989679
2010-10-28	0.401815625982	0.0753584967758	0.0067937428992	0.115825950939	0.20081605614
2011-3-22	0.201322460108	0.0467730832178	0.00444369705004	0.133290649992	0.170349819373
2011-3-21	0.126735469078	0.0296470281623	0.000755258765704	0.0388877561111	0.0777718646288
2011-4-26	0.105457232459	0.0223112909503	0.000629768324114	0.0292311733156	0.0757574378362
2011-3-18	0.52497648409	0.145151192337	0.025718022563	0.321147231985	0.417237134392
2011-4-27	0.312286566322	0.0724469969387	0.00570690992013	0.154443429372	0.172822044952
2011-4-28	0.567467254501	0.201485964789	0.0275931659581	0.350863642705	0.495945580428
2011-4-29	0.584999227559	0.173020528968	0.0247820338087	0.324202139795	0.471273408031
2011-4-20	0.407848709411	0.0559839270033	0.0101049167408	0.0662574713111	0.273692821672
2011-4-21	0.480663416491	0.0910329080582	0.0165831557943	0.215243371239	0.285496390782
2011-1-31	0.117168237092	0.0316614882201	0.000985513732856	0.0646895686628	0.082810406942
2011-3-15	0.0796922377004	0.0117917826611	0.000251933357964	0.0173158484215	0.0331961420138
2011-3-14	0.173920966084	0.0212463076062	0.00135751619097	0.0237931496616	0.0513694523809
2011-3-17	0.219549422696	0.0396598897641	0.0026603548317	0.072107841216	0.104997864246
2011-3-16	0.23223674997	0.041369987826	0.00358379112558	0.103734746895	0.127027207185
2011-3-11	0.227667343785	0.0444499115366	0.00262875723094	0.072773917698	0.096133059943
2011-3-10	0.740666132877	0.0902978445914	0.0451702756704	0.0396385982692	0.634261491849
2010-10-11	0.178173055305	0.0273801180646	0.00120444462392	0.037538168286	0.0707556288166
2010-10-12	0.266172655152	0.0445744025012	0.00378011910157	0.0621678350422	0.102578206592
2010-11-26	0.0901857025092	0.0240190295037	0.000490130391335	0.037506899159	0.0592811014086
2010-11-25	0.987323403217	0.0957627280629	0.0223611870089	0.110713907305	0.371506434313
2010-12-30	0.288428129972	0.0521374964747	0.00459314317472	0.0744766732624	0.198213535203
2010-11-29	0.161316756113	0.0290580836248	0.00156757213135	0.0253397915089	0.0974973966386
2010-12-27	0.250440393204	0.0375690742786	0.00141016952094	0.0597806250169	0.0796712003583
2011-1-5	0.113443344451	0.0242740441661	0.000530897576744	0.0447487652887	0.0544217334589
2011-1-6	0.0669627969729	0.0181624812594	0.000243795223292	0.0286432606341	0.0440676586858
2010-11-30	0.115439617862	0.0281647889741	0.000784868770352	0.0440758749049	0.0762463379479
2010-12-29	0.358654049977	0.0450756892414	0.00788908420289	0.0356375133312	0.257616514084
2011-1-3	0.549635834355	0.104379433999	0.0194430938805	0.254572331804	0.286818311433
2010-12-28	0.609697714891	0.0808916589666	0.0244015006966	0.0870778101806	0.432742313841
2011-1-4	0.372115641565	0.0566681842226	0.00749979983008	0.105015860214	0.213856477482
2011-1-7	0.0925279959733	0.0198296468941	0.000380401464861	0.0288842938981	0.049605237765
2010-10-22	0.136587470333	0.0335139536931	0.00101325054788	0.0532416969643	0.0919017345953
2010-10-20	0.576253928618	0.0831609376532	0.0204947872878	0.101907420788	0.343579876127
2010-10-21	0.24653881569	0.0726328167962	0.00504863976345	0.17131553878	0.194247471393
2010-11-17	0.267596770263	0.0441832720084	0.00276773969383	0.063326364793	0.121223461648
2010-11-16	0.224737952642	0.0541653564559	0.00349681184574	0.122392147646	0.156961930837
2010-11-15	0.61151874902	0.169835027506	0.0282427740012	0.3742926221	0.459645817178
2010-11-19	0.687732144201	0.178203249004	0.0275330910566	0.303187740786	0.385673939337
2010-11-18	0.34924398034	0.0727658125275	0.00892491612252	0.121057559759	0.284931826506
2010-11-23	0.194643120899	0.0398621425226	0.00210537574004	0.0958368945584	0.109765621718
2010-11-3	0.560930720548	0.174763468152	0.0262694826855	0.370307431322	0.412350083342
2010-11-24	0.588626174415	0.0541620561376	0.00603015541512	0.0826170130766	0.244493909768
2010-11-4	0.502649819461	0.0866585060943	0.013313064239	0.144216047727	0.170109844504
2011-3-31	0.285281425564	0.0394989125798	0.0061611956714	0.0269180532835	0.238753484562
2010-11-1	0.523087397254	0.138920077085	0.014608247264	0.245160493224	0.311100024657
2011-3-30	0.188050437007	0.0277461010224	0.0017990975287	0.0346910218035	0.0933041364654
2010-11-22	0.738048612154	0.152657475538	0.0444910232749	0.299931046159	0.602540855014
2010-11-2	0.901609604111	0.0280613356571	0.00278424612538	0.0314114052482	0.0418146172706
2010-11-8	0.386991726448	0.123464334017	0.0117914753112	0.244670988539	0.276891054229
2010-10-19	0.328337756597	0.0822159637876	0.00664125774879	0.135454762152	0.20483023168
2010-10-18	0.677532187321	0.100969262812	0.0170417956237	0.202741808395	0.251284414863
2010-11-5	0.400424683734	0.097780661251	0.0074479558027	0.184119663426	0.215642146787
2010-10-15	0.18203979544	0.0325471672149	0.000678927756909	0.0532031954133	0.0625458631832
2010-11-9	0.780497728273	0.172205735382	0.0538334679741	0.374367072967	0.634947925174
2010-10-14	0.132476185998	0.0409791050205	0.00110713318189	0.0663746551412	0.0875670807305
2010-10-13	0.211316330137	0.0369774588072	0.00196711357341	0.0635256006056	0.0899922386058

Pred.Minute	MaxError	MeanError	ErrorVariance	Q80%	Q90%
1032	0.19076097954	0.0153955907602	0.000660039946417	0.0205563094961	0.0324090092025
1033	0.195402774515	0.0149548561161	0.000691826512788	0.0189724090649	0.0332697779891
1034	0.196611198506	0.0147402012259	0.000690620752782	0.0168934119194	0.0323018721743
1035	0.196671790808	0.013590296717	0.000562842731382	0.0157851836311	0.0287405984488
1036	0.198951746666	0.0132513752828	0.000565897433449	0.0149396722126	0.0282557467478
1037	0.135017205885	0.0121391057	0.000392554668273	0.0157775481934	0.0278430486908
1038	0.108056716642	0.010830411806	0.000301381202635	0.0142784312171	0.0248533851495
1039	0.124494185656	0.00938878900862	0.000245948337388	0.011705797711	0.0200877769705
1024	0.14180841276	0.0177365891411	0.000548511367921	0.0259038080612	0.0352380187328
1025	0.163614980342	0.0178080862859	0.000583272817216	0.0252489988965	0.0348986054435
1026	0.167226233618	0.0179035693294	0.000600409367055	0.0256024566215	0.0357265586522
1027	0.170767782636	0.017391075979	0.000616867549856	0.025856184597	0.0348975734002
1028	0.174098310866	0.017096714867	0.000634658603948	0.0251691406924	0.0352314466952
1029	0.177074611193	0.0167540713172	0.00066281582846	0.0238710651912	0.0353881626845
1030	0.187372686499	0.0167459920244	0.000705801970089	0.0228856205177	0.0340516092706
1031	0.188759396757	0.0156225313813	0.000657258650602	0.0208542879284	0.0312975653473
1049	0.0303126853444	0.000430227308116	6.7314734883e-06	0.000254089382461	0.000439304040792
1048	0.030386521674	0.000733295353833	7.08049327265e-06	0.000740535880135	0.00125843365575
1051	6.59947058431e-10	1.65581005128e-10	1.74069401274e-20	2.45820731036e-10	3.44644974826e-10
1050	1.34592248921e-05	3.6290373356e-07	1.86441809119e-12	3.50029030075e-07	6.4270456713e-07
1053	6.59947058431e-10	1.65581005128e-10	1.74069401274e-20	2.45820731036e-10	3.44644974826e-10
1052	6.59947058431e-10	1.65581005128e-10	1.74069401274e-20	2.45820731036e-10	3.44644974826e-10
1055	6.59947058431e-10	1.65581005128e-10	1.74069401274e-20	2.45820731036e-10	3.44644974826e-10
1054	6.59947058431e-10	1.65581005128e-10	1.74069401274e-20	2.45820731036e-10	3.44644974826e-10
1041	0.138507937277	0.00829148236535	0.00026255219662	0.0094001013798	0.0181044699952
1040	0.127051937169	0.00863019426655	0.000234492956125	0.0107596200745	0.0189432171778
1043	0.0816910849815	0.00517571039501	0.000105684711796	0.00585150526966	0.0104876122491
1042	0.0804278510173	0.00611331744203	0.000139295844446	0.00746951756726	0.0127905963385
1045	0.0851473085801	0.00394801707628	9.34712519635e-05	0.00375172242411	0.00778409826604
1044	0.0833965524462	0.00482417042161	0.000103643346506	0.00488378196559	0.00906150570945
1047	0.0417703235141	0.00145465077509	1.92735087744e-05	0.00158563793386	0.00275074619927
1046	0.0402835633115	0.00231750699919	2.9461295384e-05	0.00248092412579	0.00363817196235
508	0.511100810887	0.0440836027179	0.00494016085897	0.0581024642534	0.111294297327
509	0.505963712115	0.0430925892763	0.00484366090938	0.0565604328788	0.108761074442
510	0.50071129036	0.0424790678883	0.00481003031944	0.0526537180098	0.104158185471
511	0.492980669209	0.0417463389637	0.00461784001232	0.049981395195	0.111644142477
504	0.555281449747	0.047939638148	0.00620807519107	0.0648081009836	0.119479604019
505	0.542206873004	0.0466923613373	0.00594500066741	0.0681651086867	0.118025176033
506	0.530336676132	0.0442852127155	0.00505152870844	0.0650943995806	0.112745199122
507	0.519684469296	0.0437357153364	0.00488038180195	0.0609101493054	0.113695862552
500	0.603747874607	0.0501511205217	0.00621740110446	0.068752385963	0.125391391367
501	0.598870452913	0.0486558009303	0.00620235642295	0.0656086531696	0.122318270239
502	0.571718627874	0.0477587415221	0.00592214145528	0.0632491161152	0.116259512906
503	0.561368299059	0.0470967414132	0.00590173365047	0.0647972660739	0.117234864307
496	0.666299527083	0.0520826310382	0.00637113330883	0.0750546901393	0.123704743581
497	0.657297603442	0.0507587405148	0.00627416631466	0.0727048629038	0.123094096126
498	0.61025962068	0.0500005083252	0.0059636353019	0.0738560076232	0.121649412461
499	0.606868951649	0.0491730116014	0.00595068299706	0.0693538068854	0.120585514202
493	0.673572806191	0.0541809535317	0.00637378056145	0.0761266328937	0.131772946503
492	0.681196735161	0.0550607879832	0.00660507330882	0.0762614206692	0.139823105056
495	0.664498437641	0.0527715625149	0.00636458002506	0.076338802531	0.126709149112
494	0.670535009153	0.0537116942455	0.00631717455677	0.0755982922132	0.128853953837
489	0.283084506465	0.0475899211949	0.00330298337163	0.0717164132444	0.118136874901
488	0.309613427602	0.0470740656511	0.00317461133999	0.0775105573608	0.107943775719
491	0.687732144201	0.0566970432129	0.0068379488813	0.0812335634109	0.153989201743
490	0.278189925897	0.0482057680917	0.0034942881479	0.0789733279205	0.112557908251
485	0.294992981578	0.0397495406099	0.0028475433138	0.0551826243115	0.101188559502
484	0.401910245219	0.0342511753703	0.0028024593664	0.0457321706511	0.0964900141866
487	0.309539445531	0.0436561912273	0.00278976898537	0.0691359407956	0.0985042903152
486	0.312957278425	0.0410492467258	0.00271838343927	0.062804784387	0.105535580217
481	2.74802539631e-07	3.21998759446e-08	1.66486005161e-15	5.32330121463e-08	7.8703327485e-08
483	0.614690236893	0.0332594749602	0.00555987248207	0.0318593152011	0.0685632574963
482	0.927488962219	0.0302409331747	0.0157183494722	0.0164211726954	0.0299532103123
550	0.54382573336	0.0350035556995	0.00644224989454	0.024900943501	0.111191650183
551	0.54232585384	0.0359037602441	0.00662414054122	0.0254938879322	0.110810437868
548	0.549927177431	0.034325649515	0.00647495000151	0.023945553586	0.0947646445113
549	0.544262774618	0.0339095592695	0.00642886898307	0.0249110429632	0.089495927905
546	0.539879109029	0.0333677633106	0.00619823605445	0.0234498897402	0.0911213562
547	0.54450797557	0.0339196875354	0.00633126824758	0.0236837902736	0.0937211662114
544	0.532206802583	0.0325325621132	0.00594485847688	0.0237319134514	0.0869396967211
545	0.540417942873	0.0340341327248	0.00638492144529	0.0231210319317	0.0902509637938
558	0.574788218135	0.0372862319917	0.0057298068164	0.0273509293553	0.134712413252
559	0.571218618953	0.0372183054228	0.00563045119185	0.0273164625364	0.135329738214
556	0.561529597832	0.0368213004833	0.00569258083418	0.0271534305809	0.131059811227
557	0.576253928618	0.0373132053169	0.00577718542771	0.0271787618202	0.133067162331
554	0.552291212258	0.0373260823296	0.00582708691365	0.0274105105177	0.133148594641
555	0.557066291882	0.037193219927	0.00579976933887	0.0273612535089	0.129141411977
552	0.540461490112	0.040412539593	0.00769482510849	0.0284634460578	0.131779537689
553	0.547759868976	0.039412645246	0.0073007856597	0.0291714388011	0.133149098927
567	0.700564733867	0.0414918533999	0.00804787447949	0.0391073558815	0.124105516686
566	0.699792044388	0.042380327289	0.00824191760556	0.0399652332915	0.133795852031
565	0.700985330402	0.0432669453477	0.00826645525162	0.0635289917063	0.132230899909
564	0.702112227219	0.0442025890044	0.00860562853415	0.0683832255511	0.141556219766
563	0.702913774395	0.0440912275238	0.00855369973034	0.0693252594646	0.142308078767
562	0.698435628413	0.0442509410852	0.00854833964816	0.0682194498849	0.142360493774
561	0.69820041886	0.0442070383307	0.00858754104405	0.0671160106173	0.14151855975
560	0.706791779417	0.0448467921969	0.00881011482474	0.0674407143284	0.142904856329
575	0.702247426283	0.0455465627889	0.00872191416808	0.0812536932293	0.148468453073
574	0.701949893642	0.0433281062234	0.00820309365514	0.0587262999654	0.125107011282
573	0.704957522859	0.0432595905383	0.00822114614063	0.0573598142009	0.124758203759
572	0.709871906891	0.0418909852149	0.0081394614848	0.0526158615673	0.107606513998
571	0.709964864873	0.0422087345661	0.008167185471	0.0526840764725	0.123965776351
570	0.701360618569	0.0411206099448	0.00793073315472	0.0418980719091	0.121007562757
569	0.703518094215	0.0409100777634	0.00789474376486	0.0417201892577	0.120395600615
568	0.70148707844	0.0408762141203	0.0078969124924	0.0404374408374	0.120509457252
516	0.476111870669	0.0390004643185	0.00452250491148	0.0463680833264	0.101763536383
517	0.471327671707	0.0389464011664	0.00448361753729	0.0471536259271	0.0970306571842
518	0.560930720548	0.0426335374658	0.00625906527215	0.0467172539443	0.109641102748
519	0.551803624694	0.0451605733962	0.00678484760689	0.0486390073973	0.116000393702
512	0.488482162818	0.0405223535627	0.0044121068238	0.0516327797191	0.108186498847
513	0.481359973327	0.0397394212024	0.00435861059741	0.0494740323225	0.104275653375
514	0.479503041951	0.0388605360618	0.00429709175796	0.0484608743501	0.0991537848267
515	0.476612440007	0.0381958102203	0.00424822603028	0.0477623535756	0.0981450082002
524	0.533632238476	0.0448819571806	0.00696535011432	0.0454038538752	0.115882045608
525	0.533146746776	0.0451127411886	0.00695198065511	0.0605013557201	0.113680414873
526	0.531153411947	0.0418540179432	0.00576126250671	0.0471661258233	0.107493863317
527	0.531838624051	0.0417589637929	0.00582357883428	0.0465453188351	0.110938677654
520	0.54368176409	0.0442303685242	0.00658558894236	0.0481063451341	0.113447838747
521	0.539232599307	0.0430179708678	0.00640123663076	0.0444701354358	0.112226186521
522	0.537394659051	0.0422968433871	0.00627955369408	0.0454034261898	0.112988102473
523	0.533844351093	0.0451044711506	0.0069839845246	0.0481922029874	0.114003193167
533	0.513689012412	0.041569884509	0.00657923330422	0.0481321003878	0.106031569907
532	0.518527589366	0.0383460260534	0.00544270797746	0.0481271725384	0.0943540860984
535	0.504655036223	0.0388582992098	0.00548856466672	0.0429331634725	0.102989044124
534	0.510990830242	0.0392462777338	0.00555430736063	0.0439535562288	0.104323034768
529	0.525770001582	0.0406666397593	0.00571418834356	0.0469565619395	0.10647976075
528	0.528077403147	0.0411543737832	0.00577088754624	0.0460578047272	0.107998841312
531	0.522002313646	0.039051404803	0.00553345404928	0.0485281977047	0.0999166675822
530	0.52456759079	0.0399270258905	0.00564767779029	0.0481519357944	0.105225085931
541	0.521410294326	0.0319376075616	0.00563397519248	0.0211830171141	0.0829396215897
540	0.491803130243	0.0378670300966	0.00534868068671	0.0460013675998	0.101502782706
543	0.528162777311	0.0332934461251	0.0059496738	0.0241348102186	0.0868401286282
542	0.527390363821	0.0328354252584	0.00585756417059	0.0228821255289	0.084500872043
537	0.498004518635	0.0388459702065	0.00551754366286	0.0470731628781	0.107722368118
536	0.499029943038	0.0384491809798	0.00542217089842	0.0478049883255	0.0999056164377
539	0.493108230974	0.0383256672233	0.00539220535194	0.0455722586174	0.105027477354
538	0.497544195741	0.0388265132265	0.00548026640492	0.0465928157044	0.106542710226
610	0.609087776486	0.0512668559109	0.00867333852756	0.0656119035556	0.133195201076
611	0.60261751752	0.0512007753548	0.00857821401917	0.0673129166471	0.137415338102
608	0.614595429696	0.0533450862734	0.00921628898967	0.0680881181148	0.134732781334
609	0.613564832512	0.0533684856986	0.00905493190174	0.0691262329666	0.135230282646
614	0.603984413208	0.0489565883217	0.00813567261816	0.0646058880261	0.135850404337
615	0.611902216507	0.0500322211837	0.00862390737051	0.0636277135867	0.137333120755
612	0.602425861255	0.0490680154342	0.00828802701472	0.0670666911083	0.134022188421
613	0.600753416613	0.0488905678317	0.0081391371808	0.0647013942124	0.135478852469
618	0.6752204434	0.0572312536778	0.0115975887008	0.0663856466431	0.15563832895
619	0.669883654729	0.0595466061044	0.012037897075	0.0717170429545	0.160042879297
616	0.610857079057	0.0506502064155	0.00874034915533	0.0617746684271	0.148340515652
617	0.610728267888	0.0502590869542	0.00874769967292	0.0605799199542	0.149012441701
622	0.648911958164	0.0623809715539	0.0114254035262	0.0717933875803	0.192404224309
623	0.641812449253	0.0677298744976	0.0122485804649	0.0798230944193	0.213893860611
620	0.676534324919	0.0599248019686	0.0111338061749	0.0679347782324	0.165968767436
621	0.675896416695	0.0623788887671	0.0117947647459	0.0679136471108	0.194364893959
627	0.636837034405	0.0767827528835	0.01462457651	0.101284881706	0.279727727137
626	0.628924142469	0.0740565256354	0.0141131349086	0.0948140784017	0.246510927091
625	0.623046806491	0.0723724374554	0.0141029602182	0.0862514272031	0.244594719322
624	0.624561784016	0.0677043880565	0.0121811514064	0.0797107011492	0.211747807653
631	0.638836061978	0.0742139213309	0.0139636710285	0.100494199881	0.205565218146
630	0.622657390121	0.0793311338581	0.0158047793581	0.116328840646	0.278342654369
629	0.615948983576	0.077589083274	0.0155076579315	0.101697172746	0.279511649707
628	0.620922272785	0.0779854188963	0.0156321169021	0.101480499936	0.278909949552
635	0.559239799711	0.0731683879759	0.0132217258398	0.090192693787	0.216626549451
634	0.56397426321	0.0723853714559	0.0133228229875	0.091022881781	0.214104499939
633	0.571507143529	0.0724986069662	0.0134142407971	0.0918463367375	0.212168024662
632	0.582263639015	0.0737951056008	0.0134801952704	0.100685070298	0.210538352981
639	0.54009139208	0.0706433148626	0.0113106685297	0.0913395142804	0.20769641871
638	0.541838477485	0.0708269593613	0.0114350106539	0.0910583287396	0.202205011299
637	0.541216399199	0.0708199723326	0.0114678249582	0.0963652513533	0.199679254713
636	0.548725016379	0.0703183618809	0.0114065286413	0.0956838584196	0.193549844195
576	0.710375546592	0.0463677513531	0.00891909457879	0.0825581842179	0.147135489732
577	0.709659948116	0.0467864392067	0.00896580629124	0.0808194817572	0.147532370497
578	0.718749237185	0.0481032076359	0.00937675929348	0.0796681064193	0.157432271441
579	0.712652958905	0.0498755327258	0.00982645163014	0.0801907854954	0.157530622105
580	0.715668957399	0.050197137975	0.00988950644879	0.0804451416692	0.158002711767
581	0.72010337511	0.0504860029533	0.0100073713999	0.0795690260693	0.15978318017
582	0.718167210903	0.0508019264173	0.0101144180223	0.0793776951052	0.160856738305
583	0.722309764905	0.0455246397137	0.00819246320539	0.0603010363493	0.145362411163
584	0.729072094488	0.0455817127176	0.00824481345525	0.0577064753214	0.136323384266
585	0.732041055244	0.0444348364616	0.00806045589953	0.0570732673526	0.132527554565
586	0.721830627922	0.0452706073531	0.0081032252837	0.0568993376429	0.14453232364
587	0.721384739347	0.0429042471112	0.00766708206971	0.0468511420526	0.135534619705
588	0.720916495985	0.042797080693	0.00767670236262	0.0455314136455	0.136006961049
589	0.719302717498	0.0452216772747	0.00784354079631	0.0476594568537	0.141798842413
590	0.716343642265	0.0449916317115	0.00786949095413	0.0459912172793	0.134658003847
591	0.734800200909	0.0455658502486	0.00812939818915	0.0450414987181	0.134533259011
593	0.734473459627	0.0488044143553	0.00900954730097	0.0566317402631	0.144503635805
592	0.738048612154	0.0455793551204	0.0080958725311	0.0462434340116	0.134336690996
595	0.718525528352	0.0504734310977	0.00907741638352	0.0572946234655	0.156645163067
594	0.730724693882	0.0498416214101	0.00913841159767	0.0576215165451	0.157831625446
597	0.680600793728	0.0549384445953	0.0101896761487	0.058739911776	0.169097040744
596	0.704792334683	0.053605445215	0.0102423036378	0.0588876652706	0.168553775652
599	0.672665036644	0.0563912664369	0.0100836144177	0.0684626683805	0.171843773457
598	0.670010700062	0.0561352397375	0.0100958336973	0.0672879068966	0.168868758744
601	0.670239173047	0.0546019158752	0.0092076251218	0.0653430942149	0.161877418042
600	0.669675252159	0.0542932158204	0.00895514518009	0.0684092573529	0.167465529259
603	0.665587923389	0.0514295328108	0.00873863918773	0.064596673011	0.136029065545
602	0.668214888205	0.0531574763575	0.00897084702376	0.066725941077	0.13798644777
605	0.630376165852	0.0547653662657	0.0100940858207	0.0668616223165	0.137030757166
604	0.669103582462	0.0591646319968	0.0126656638051	0.0722004061798	0.139959378346
607	0.62008154869	0.0534174841223	0.00934740949063	0.0662866725021	0.135339800179
606	0.62315090382	0.0530866594404	0.00969264894843	0.0671940720075	0.134502097486
687	0.695437236518	0.0827644411495	0.0141549225547	0.124425642115	0.214969092402
686	0.694700852729	0.0811961258723	0.0136810535945	0.125825763256	0.205597034707
685	0.682027752669	0.0825698857414	0.0134311082838	0.125618726719	0.208041517138
684	0.67785934877	0.0817931894067	0.0132738109593	0.117023705766	0.205238053597
683	0.666823928563	0.0809933906066	0.0130934673581	0.117485219927	0.203024831274
682	0.666620498212	0.0810810836806	0.0129701383107	0.118362659217	0.207885287123
681	0.66368438779	0.0807866686789	0.0128675414303	0.118383358649	0.209341086135
680	0.663730987018	0.0804909513668	0.0126967224061	0.111184496062	0.209312146951
679	0.663892229889	0.0852020357199	0.0138328720063	0.110216063528	0.211304120189
678	0.661349507817	0.0879003794913	0.0141830894627	0.126055346682	0.217342638674
677	0.651806715683	0.0867312794964	0.01348957739	0.131330171283	0.21074408831
676	0.665331679481	0.083685894242	0.0130313894474	0.125250814335	0.201081713106
675	0.659751786015	0.0791976852948	0.0125501323106	0.117756596433	0.184361865876
674	0.663271833909	0.0775624089188	0.0125925962509	0.110856128857	0.168866130822
673	0.666470112657	0.0772661125839	0.0125594158467	0.10967648353	0.168891945709
672	0.666373821254	0.0767949759495	0.0125700310068	0.108876204299	0.165603363713
702	0.700894206948	0.0827492552049	0.0150512893256	0.127013446939	0.225574198275
703	0.700830862618	0.0766117284053	0.0126369583087	0.10905084379	0.214902234489
700	0.700113945447	0.0818927007355	0.0150149494271	0.126053885213	0.225238990863
701	0.700837397613	0.08284634621	0.015093812593	0.126814167837	0.226971060666
698	0.724119558426	0.0817139602235	0.0155371063896	0.125205235185	0.22010704917
699	0.724729106999	0.0837788547437	0.0156783484773	0.128352281634	0.224923224694
696	0.716214823607	0.0830372929163	0.0152256893123	0.12253549424	0.218241376062
697	0.717124894039	0.081968707041	0.0154512758707	0.123309634328	0.22103248581
694	0.712492523084	0.0859883916194	0.0153215195776	0.147238533743	0.213500696779
695	0.716615086246	0.0840506878205	0.0147929558844	0.125980818313	0.212583185146
692	0.711085347135	0.0853516533376	0.0152864932765	0.148757576156	0.209407475776
693	0.711206332897	0.085567307283	0.0152564055935	0.152600629406	0.208023939826
690	0.69811933914	0.0873864170982	0.0150737122425	0.15222100944	0.228177490035
691	0.697607187685	0.0861710575635	0.0148062283301	0.150282899002	0.209606713243
688	0.695391838575	0.0833946318513	0.0143083032801	0.125800904266	0.218465649205
689	0.696816165403	0.0868269348541	0.0150371853502	0.149291824673	0.227001424233
653	0.55505486195	0.0749493455404	0.0120124773121	0.1089003055	0.195210921689
652	0.556271615025	0.0750385871712	0.0123458882324	0.103628642498	0.190634171568
655	0.549249598384	0.0740997071073	0.0116249396129	0.10091781954	0.189304137887
654	0.55044163667	0.0748821787899	0.0118506441028	0.10186543447	0.188237017946
649	0.534431953397	0.0755494871179	0.0125744906242	0.109919469315	0.205685371974
648	0.532980176124	0.0786625365146	0.0130236721576	0.121456557583	0.206719173632
651	0.553919593893	0.0752156747594	0.0123592804318	0.104630060451	0.191587733007
650	0.534186639292	0.0746678319461	0.012356309911	0.106959504498	0.19558474131
645	0.531073959779	0.0768814241195	0.0122923814829	0.121109236507	0.212836328486
644	0.521224726493	0.0764643244981	0.0122090155075	0.120696480117	0.211487624862
647	0.536032302375	0.0774960652595	0.0123359616153	0.123061835326	0.209818090812
646	0.533372349532	0.0766038204421	0.0123373622438	0.120846798501	0.210376180485
641	0.522573311939	0.0687436749147	0.0104605244924	0.102098180725	0.196069515944
640	0.527093602943	0.0702515120527	0.0108897758658	0.100848367875	0.205173596524
643	0.515683926875	0.0718840009135	0.0109485373238	0.105649114071	0.20438637108
642	0.516137764766	0.0685268789209	0.0104842102914	0.100898540949	0.19549335702
668	0.665197251813	0.0756400637185	0.013800858681	0.105422600533	0.165986668595
669	0.666468001926	0.0789814140534	0.0147819439376	0.113443344451	0.178428276581
670	0.66432440585	0.0790228699414	0.0139470933636	0.110017609505	0.178306525322
671	0.668064082409	0.0794687300259	0.0140659352263	0.109675391547	0.1841676142
664	0.661648753274	0.0742163950933	0.0134643829316	0.0976412554416	0.168578710008
665	0.660882758246	0.074915961134	0.0135978864628	0.104018481183	0.168712559647
666	0.658992712093	0.0748805286379	0.0135403158071	0.0997115678079	0.161395644586
667	0.669287304891	0.0753167947338	0.0137408826571	0.103650016844	0.161066299565
660	0.655850841549	0.0731387242653	0.0123921087751	0.0976872606644	0.16328481213
661	0.662233023268	0.0740443046577	0.0126773347365	0.0993744246224	0.164031658141
662	0.661981730399	0.0734176795246	0.0126276394514	0.097143414857	0.163802871605
663	0.660569552012	0.0750436794563	0.0130667670925	0.09929052553	0.168094030242
656	0.551585537512	0.0740475867145	0.0116333449115	0.101024124082	0.196292201277
657	0.571654608118	0.0756907717583	0.0119018339814	0.111851205417	0.20618423989
658	0.570231707996	0.0733991018431	0.011486505323	0.0918742684126	0.186851335296
659	0.565484621351	0.0705663509085	0.0107296912586	0.0952408325825	0.16227267176
747	0.578344803202	0.0718457084502	0.0112689003397	0.0961198187399	0.190512745216
746	0.578491597608	0.072288384753	0.0113056822331	0.105858424217	0.187574971916
745	0.5782794547	0.0750283921151	0.0116457571713	0.118451081826	0.185025353241
744	0.588889888762	0.0754461396809	0.0117797915886	0.116671074971	0.186183780035
751	0.636115106013	0.0845492367932	0.0161369363951	0.130670526313	0.223982755089
750	0.628396958991	0.0828937464667	0.0157567264467	0.127087147027	0.199411584646
749	0.626214837633	0.0818245976154	0.014617191517	0.126937297421	0.197749070695
748	0.61438637207	0.0810247620063	0.0142043167175	0.119893386375	0.197572471118
739	0.50220696549	0.0644679648416	0.00911715567941	0.0916935268382	0.177126687973
738	0.470125396547	0.0638667297129	0.00879007011675	0.09272820084	0.175101200956
737	0.473138415869	0.0639840624106	0.00886743897075	0.0924467611059	0.173678207418
736	0.472031880637	0.06876444986	0.00958505188082	0.108591042625	0.173964748325
743	0.597308422483	0.0749807362627	0.0117172643389	0.115055223095	0.181000375952
742	0.567499414761	0.0743109136145	0.0112846182123	0.115017358467	0.18479007213
741	0.56734193692	0.0722786029045	0.0110887187818	0.103710584649	0.183179699498
740	0.502649819461	0.0637154995752	0.00908036099944	0.0874482342215	0.175791565577
762	0.706099582327	0.0863093096751	0.0158737863283	0.118055715641	0.244268167488
763	0.705992081544	0.0855474019755	0.0158223289061	0.119731111436	0.24475550471
760	0.698265670939	0.0906796270009	0.0187043685799	0.118809768784	0.257342829357
761	0.708743420747	0.0877725951198	0.016134534042	0.117999758013	0.245639005786
766	0.720004063007	0.0852619652119	0.0153112882781	0.120316228585	0.242741192767
767	0.719490329578	0.0846866800562	0.0152278466424	0.11951278948	0.245645410269
764	0.713658415959	0.0859541089588	0.0159857557337	0.123368096394	0.251072771471
765	0.714279347519	0.085382777228	0.0152946134836	0.122226743099	0.248909254966
754	0.637259576335	0.0776374464459	0.0138181035061	0.110499979054	0.195540319597
755	0.639108080562	0.0730267681432	0.0119439012073	0.10305302465	0.180458204106
752	0.633666846204	0.0819671601064	0.014949800806	0.122264901015	0.210619338987
753	0.632342608597	0.0797284095948	0.0139899821424	0.119539280944	0.199733749089
758	0.646723281965	0.083299256225	0.0162096552366	0.109349528227	0.222421816189
759	0.660233248299	0.0830183461174	0.0160054005613	0.11001770093	0.220344470111
756	0.639872181364	0.0737298437979	0.0121654929314	0.106085629755	0.179775506505
757	0.643847790893	0.0814746691857	0.0159218554303	0.107062785432	0.192848294754
713	0.740075236758	0.0755547900602	0.0129858199411	0.113078778237	0.1765833581
712	0.743879245583	0.0745358573805	0.0128061395294	0.109255553846	0.178159850414
715	0.722332829723	0.0765244147669	0.0128947388875	0.116272236283	0.189208401937
714	0.720303014368	0.0741607078639	0.0125410432654	0.110899508266	0.181849325494
717	0.726141196684	0.0839700639495	0.0145576346747	0.131439384828	0.199610285684
716	0.731648918126	0.0784514452218	0.013754944693	0.120196680481	0.190525601508
719	0.725430445874	0.085607516553	0.0151435708118	0.12291261101	0.202900184229
718	0.724844688655	0.0848583703119	0.0148801346638	0.130828969829	0.200591585158
705	0.704905444307	0.0715938665842	0.0110495072345	0.105682519404	0.191965568572
704	0.696703530644	0.0713668179285	0.0110376724725	0.10505461738	0.199874489017
707	0.724677857681	0.0717117298404	0.0114470795579	0.10680909796	0.183652807746
706	0.709704312818	0.0710638848977	0.0111179401484	0.106614236836	0.187135540398
709	0.721856651855	0.0735971961091	0.0122803189743	0.109952529859	0.182243107598
708	0.728871139823	0.0749136151111	0.0129619196368	0.107370810896	0.187321493524
711	0.7392718009	0.0741468943284	0.0126081573245	0.110358631104	0.177834468654
710	0.732939568183	0.0737469185262	0.0124170825607	0.112194301299	0.181688090988
728	0.488810385133	0.0724650853179	0.0100585138678	0.099226248351	0.193283878538
729	0.588626174415	0.0777377107768	0.0117054088066	0.111473185185	0.190283112397
730	0.483429878442	0.0685016946247	0.00885463393321	0.0992141450833	0.182061946865
731	0.481307965971	0.0691287627488	0.00896264191869	0.0999372305791	0.183453184119
732	0.478501677383	0.0689793680064	0.00911319921225	0.100394995447	0.180576525747
733	0.472713820463	0.0684095900236	0.00882702654853	0.104527258087	0.175042871281
734	0.472990012038	0.0697975293177	0.00907216421406	0.108621610118	0.18757501538
735	0.473758973868	0.0720308089338	0.0099823597626	0.110984448253	0.188458448246
720	0.547374777437	0.0772912695644	0.0122517064072	0.108233804999	0.195179033327
721	0.552223902958	0.0788600552472	0.0125945711805	0.110595880745	0.199453289269
722	0.551311005199	0.0766356201413	0.0113788102128	0.109880888393	0.198759409819
723	0.552498208554	0.0768803404879	0.0115389440011	0.101464641869	0.200063097989
724	0.552367201578	0.0765848518102	0.0121060216927	0.101699235038	0.201033263912
725	0.551834030194	0.075298416412	0.0117961146082	0.103723919204	0.199248328023
726	0.480729987963	0.0721884124414	0.0101343396881	0.104162110648	0.183149515335
727	0.480326189644	0.0725409049081	0.0101145936744	0.0999805844434	0.185520033902
821	0.759655053347	0.0606819937343	0.00934972020927	0.0811634356124	0.150280657743
820	0.762057466099	0.0593219216084	0.00883770106144	0.0766181665906	0.144074367382
823	0.74091636566	0.0633047256473	0.0103516081547	0.0886868301085	0.168635035023
822	0.742109161142	0.0642426242495	0.0107656439612	0.0896896898622	0.167026043951
817	0.775471753945	0.0715010737502	0.0120322414842	0.113946253718	0.178149703614
816	0.780497728273	0.0737211762535	0.0126883423622	0.113687104568	0.185319057154
819	0.766350518782	0.0686281217606	0.0111935191548	0.107778247421	0.167777370646
818	0.76808006359	0.067235789752	0.0109930179598	0.107688232101	0.158228405391
829	0.724326588991	0.063612699256	0.0104795300616	0.0868094614208	0.160313382805
828	0.733563662271	0.0642044260798	0.0105912475645	0.0862281199656	0.163262359615
831	0.715296735588	0.0626554253025	0.0104517190667	0.0869238107561	0.178663588125
830	0.714920789311	0.0607392545969	0.0100945274616	0.0820001303864	0.163882236673
825	0.748153022594	0.062005593602	0.010474940777	0.0816676705651	0.160859306052
824	0.747732744579	0.0629443763477	0.0103743109396	0.0884316427358	0.168730557693
827	0.746631246434	0.0629954610189	0.0106309709954	0.0812221909813	0.157859688191
826	0.748312798188	0.0612824185425	0.0102005569839	0.0810184434032	0.148736425017
804	0.735223999916	0.0844755450347	0.0146985555224	0.129784258652	0.208038979739
805	0.739031296054	0.0847796177343	0.014730697721	0.130377832203	0.204788473337
806	0.738298133582	0.0843611204079	0.0146238490257	0.126726140069	0.206901346202
807	0.747704045018	0.0853355694909	0.0149743727506	0.127505235643	0.206765334776
800	0.71657452666	0.0837287898492	0.0142956731018	0.138534661785	0.19384812777
801	0.715815006385	0.085547561205	0.0143891941384	0.13903323042	0.21751316933
802	0.724028769967	0.0846977227059	0.0146348735235	0.128972300418	0.210362174177
803	0.72606697314	0.0847179819413	0.014691791095	0.128148818309	0.212382034308
812	0.754622183343	0.0746911750304	0.0123321942713	0.111662763852	0.193848710206
813	0.760093411387	0.0749116333242	0.0126706531866	0.111729416656	0.190468125245
814	0.764921535645	0.0747349984661	0.0125917630286	0.111918857163	0.190120548661
815	0.76217514534	0.0738827032733	0.0125674969079	0.113123662287	0.186523406899
808	0.75347583314	0.0803665448926	0.0135054033697	0.127230365032	0.208185179498
809	0.758880028179	0.0781178800931	0.0134768350453	0.111356982525	0.205306195699
810	0.75403539823	0.0783182749354	0.0134399578064	0.111554709428	0.206130241903
811	0.756262862441	0.076191495765	0.0129984839345	0.111215495919	0.194779560374
791	0.710419828225	0.0824125795096	0.0131063492293	0.128508111985	0.211641710613
790	0.714860999695	0.0839697717667	0.0135029758807	0.125621063118	0.23329203538
789	0.720836406711	0.0855987158611	0.0135947058795	0.125354765917	0.231037252293
788	0.726048538234	0.0855584376881	0.01358411355	0.124846867753	0.245669239398
787	0.72927108447	0.0858253917686	0.0138294553236	0.141191646735	0.24510865982
786	0.727308393044	0.0843688553167	0.0137938934203	0.139892540867	0.244091254017
785	0.728289781591	0.083495381319	0.0135708490456	0.14117323609	0.240181631936
784	0.730471098989	0.08528835932	0.0141318930506	0.14252674194	0.239916274549
799	0.714696210438	0.0831817027607	0.0139062000672	0.139923319309	0.198198032925
798	0.717125953169	0.0835117491095	0.0140561378145	0.139622644035	0.199488932973
797	0.71433250767	0.0837937957627	0.014004444591	0.137777258435	0.199344601904
796	0.7235355729	0.0838655173046	0.0140190527053	0.135378524865	0.200837290533
795	0.72313823069	0.0851870009327	0.0143998746768	0.135919684241	0.210227342576
794	0.70864769388	0.0837102577465	0.0140488806771	0.12607063326	0.208037212712
793	0.708683197269	0.086029401107	0.0142232128767	0.133278155201	0.22340961638
792	0.7136799341	0.0825021343694	0.0133318684258	0.128837781984	0.218723632421
774	0.72790883953	0.0866354141053	0.0153308645172	0.141825471587	0.237398387895
775	0.731369854001	0.0844342954378	0.0149830269604	0.130616718592	0.224001370453
772	0.730516807402	0.0869938460736	0.0151338524928	0.132238412767	0.237756578809
773	0.729333108658	0.0867753184891	0.0154755142543	0.132580850719	0.23702379881
770	0.736161224529	0.0822657696219	0.0143079213486	0.120785895025	0.229820757649
771	0.732352809888	0.0807511290868	0.0136969992258	0.117297803275	0.224789052724
768	0.718382520848	0.0852851274559	0.0153514811945	0.12045356551	0.252443106575
769	0.72399094148	0.0820914827887	0.0149852802928	0.114831773937	0.2279166451
782	0.739001169207	0.0811944362025	0.0141104813638	0.12191478668	0.230734792077
783	0.733251004225	0.0838639157331	0.0140453614944	0.139528792958	0.237592307562
780	0.739033765802	0.0763493911129	0.013264066665	0.11668512284	0.203588913819
781	0.739134931192	0.0792237232952	0.0137061401521	0.123847566039	0.213783145515
778	0.740666132877	0.077652067506	0.0129203496467	0.1212544375	0.197634442034
779	0.737379181761	0.0761839545081	0.0132739867832	0.11724768535	0.198785618131
776	0.730329058999	0.0841370731618	0.0149997985113	0.129413489407	0.225053255355
777	0.734053683922	0.0823722116327	0.0148178510463	0.127528237531	0.208084541651
881	0.768765931419	0.0685319922599	0.0124043704903	0.101339671333	0.180513400075
880	0.772697345547	0.0705304835381	0.0129570339214	0.108847435759	0.185711625126
883	0.775703401116	0.066823845143	0.0119639145279	0.0913495233119	0.17401611698
882	0.766332023473	0.0673918025235	0.0121288693432	0.0914147982089	0.17451109915
885	0.767248895832	0.0644405996412	0.0118013252677	0.0797538760924	0.156678644936
884	0.767100902252	0.0664282862971	0.0117269831934	0.0911023165219	0.165841680924
887	0.766186594751	0.0687843227399	0.0134642642884	0.0791028835431	0.15331589548
886	0.771269427213	0.0640630171621	0.0117453996856	0.0787691747726	0.155517357392
889	0.760441914548	0.0649731917821	0.0130863168088	0.0782246793598	0.132081749508
888	0.762208400348	0.066618019801	0.0132042188583	0.0787799209851	0.148987266711
891	0.751136277103	0.0668659513315	0.0138261410434	0.0764713790298	0.139398687329
890	0.759359556898	0.0678409616637	0.013855907024	0.077986588571	0.140024189001
893	0.75224975608	0.0693504709092	0.0145471615723	0.0788589952565	0.148289403447
892	0.75020293882	0.0671601209759	0.0137747628786	0.0784973066691	0.143974022677
895	0.747135834295	0.0617926096777	0.0128583129374	0.0673802115958	0.130907243759
894	0.751476224211	0.0682997946662	0.0143413642907	0.0760972354637	0.144971415041
864	0.496620858578	0.0712708576879	0.0123064439826	0.0777833553668	0.213361318662
865	0.495534795658	0.0716128517714	0.0122999279965	0.0823191547846	0.211475972533
866	0.497627778273	0.0713836538286	0.0123715459114	0.0781005717407	0.226907066213
867	0.50183198499	0.0713916147664	0.0124606658648	0.0781913295085	0.227696008686
868	0.802514465447	0.0830000430836	0.0166915262005	0.121637312447	0.242755371559
869	0.799941830299	0.0818244250014	0.0163626514431	0.11923862248	0.239582548912
870	0.801824313202	0.0818176766232	0.0162354608637	0.119519212982	0.237629972395
871	0.801453533242	0.0827279849789	0.0163639390387	0.117018301428	0.235204050485
872	0.793015695974	0.0795521190522	0.0156580546893	0.116302037231	0.226697315596
873	0.793406384134	0.0789453318415	0.015369404305	0.106546871772	0.22961582434
874	0.79053150823	0.0744253072894	0.0132495066198	0.106568434373	0.206284924425
875	0.788446478546	0.0724893255864	0.0127973340489	0.102908423145	0.19933026478
876	0.789727867521	0.0719666636406	0.0128073430257	0.100097968495	0.197241092728
877	0.79111222389	0.073766889212	0.0133618196987	0.105476462524	0.194844086255
878	0.780638843035	0.0727701643643	0.0132748100596	0.106190133337	0.193330859655
879	0.776577004561	0.0706567897764	0.0130180075734	0.106416080265	0.188257819201
851	0.656509227932	0.0729693818849	0.0132422824119	0.0893892945118	0.225556788928
850	0.671492893981	0.0729022259757	0.0133414469833	0.0807150548479	0.224544565817
849	0.673911909417	0.0707332850172	0.0125072906958	0.0808650363217	0.2056771962
848	0.683016603322	0.0711507507341	0.0126740752093	0.0815484896574	0.211679539152
855	0.544667501538	0.0706331467768	0.012282598047	0.079136310734	0.221120296982
854	0.539895143259	0.0716770638227	0.0120976576912	0.0858850614732	0.222987040205
853	0.541571979034	0.069959757642	0.0120253279979	0.074519608549	0.22397304674
852	0.656051038763	0.0722943091292	0.0129862615617	0.0867550886131	0.224579972505
859	0.549635834355	0.0720766122737	0.0126165429762	0.0802810460022	0.222978328936
858	0.54860024321	0.0724718700412	0.0126358695171	0.08783775968	0.224935079389
857	0.537483639918	0.0717776876793	0.0124611840715	0.0885341575426	0.224060884255
856	0.542451879851	0.0703229699155	0.0121808492761	0.0868109950308	0.21972711633
863	0.532681072552	0.0722309551889	0.0127654179123	0.0771811596817	0.229178091864
862	0.530418884698	0.0724524893532	0.0128205703015	0.0795114456431	0.226035552872
861	0.533191253235	0.0726727955065	0.0129010061376	0.0792828907929	0.225851329673
860	0.535270647827	0.0724996791196	0.0126877584581	0.0796173401665	0.222401041571
834	0.68779368715	0.0640497944078	0.00994188694451	0.0895539985709	0.181263507165
835	0.695030670541	0.0717662856232	0.0114928546526	0.0935226883205	0.2154392423
832	0.720388922545	0.0631341838719	0.0105136933374	0.0867524129842	0.18116047191
833	0.688185868361	0.0622952841506	0.00996220437363	0.0864953609757	0.183060224682
838	0.693401274387	0.0704098265893	0.0118343343724	0.0924096374103	0.216475509604
839	0.691146705629	0.0703738785311	0.011804197031	0.0959004871811	0.19614391415
836	0.707183299667	0.07089690826	0.0120258896627	0.0923067920282	0.214103575634
837	0.695831823537	0.0705004618444	0.0118772282317	0.0917240544988	0.215172134244
842	0.690196141847	0.0632785035693	0.00960895075102	0.0820552369266	0.182653760921
843	0.693313842617	0.0652778915801	0.0108172028968	0.0797494412646	0.183754098966
840	0.688439463627	0.0683274505858	0.0109392745423	0.10083824938	0.194816038256
841	0.689438375554	0.0639209763161	0.00962290260567	0.0930384946746	0.178574912542
846	0.688700503282	0.0706678590263	0.0126108023561	0.0912512196708	0.22733639161
847	0.686060153549	0.0703106168093	0.0125073163253	0.0830284336321	0.214373578926
844	0.69175321795	0.064711627598	0.0105945248418	0.0811710887521	0.190878297412
845	0.690557776822	0.0701299695604	0.0123026236523	0.0949186151143	0.213514667451
956	0.308887978121	0.0405737961121	0.0038069925305	0.0574974983	0.103905393846
957	0.987323403217	0.0455163123221	0.00963750347807	0.0577795026727	0.112047418274
958	0.317776846981	0.0403888208272	0.00368859296174	0.0598496697689	0.10359878416
959	0.298784506702	0.0412986690525	0.00365465542785	0.0610441590181	0.122358470564
952	0.448064904798	0.0427563672082	0.00447314697437	0.0678436470555	0.107260031244
953	0.842515048551	0.0458659058929	0.00790070646391	0.0646363362946	0.110754915123
954	0.890942355616	0.045173909201	0.00842299876239	0.0604694733514	0.111519844243
955	0.307549736822	0.0397723206296	0.003463864505	0.057337007843	0.111858783398
948	0.401436302832	0.0472533691183	0.00539480993	0.0746699562056	0.118804251866
949	0.423428377555	0.0471212695754	0.00549676038834	0.0746945936377	0.119722432354
950	0.432773705264	0.045073667965	0.00497208979665	0.0753964163539	0.110983891689
951	0.442587404948	0.0449335536112	0.00496258510137	0.0715772126672	0.110893316727
944	0.412576666098	0.0508260406667	0.00638281060367	0.0627127260755	0.16792772152
945	0.41082634197	0.0497518911516	0.00615053831608	0.063560294161	0.156956281504
946	0.366034213104	0.048326380004	0.0056632366083	0.0624196021387	0.142120408969
947	0.367755310399	0.047885343717	0.00531657589582	0.073972549331	0.127210686635
941	0.418483916071	0.0525393790876	0.00649952107964	0.0705600194011	0.163206101544
940	0.427040779951	0.0526724835064	0.00647247814135	0.0665316803442	0.163765514585
943	0.417849806561	0.0514151076451	0.00647965121819	0.06097313584	0.170284893034
942	0.418111873553	0.0511817812627	0.00637277612019	0.0636619885806	0.162497601364
937	0.426427069733	0.0526335118756	0.00716495302964	0.0649983414427	0.165518381861
936	0.427508267167	0.0527414220395	0.00721110007403	0.0656315184407	0.164493312414
939	0.423644906091	0.0520699545716	0.00652355517561	0.0668347607691	0.164050345475
938	0.421145094393	0.0538855675614	0.00710752205133	0.0721082435518	0.171146295792
933	0.421763582459	0.0533204296884	0.00736768534512	0.0660593501603	0.177114018694
932	0.421477262126	0.0532359396162	0.00732802627545	0.0698421554243	0.182126572795
935	0.429336747948	0.0526799149329	0.00712144567536	0.0664801822723	0.165621421463
934	0.432889439625	0.0518843391281	0.00716799467898	0.0657750799387	0.173058638072
929	0.4305901144	0.0490074534693	0.00590906296504	0.0479189875756	0.164146566232
928	0.431700811565	0.0499349375799	0.00621430191316	0.0547627449433	0.165959574794
931	0.413859202879	0.0511429910278	0.00666304803228	0.0595098534504	0.171265681618
930	0.402184318129	0.0498807619285	0.0059387161091	0.0575720660444	0.175425195867
926	0.638603481964	0.0561643319802	0.00896398136106	0.071662886123	0.179832938114
927	0.632482969533	0.056213255265	0.00879235051548	0.0730693113928	0.177949552974
924	0.645685449652	0.0555408631693	0.00876521266169	0.0713127107089	0.181519573337
925	0.642522980895	0.0555624967906	0.0083820943862	0.0739423981461	0.181469615247
922	0.648773467706	0.0545364832184	0.00865629200093	0.0656150770482	0.175928235421
923	0.64848397808	0.0540833190139	0.00859829286116	0.0655057947119	0.173099334702
920	0.669780258229	0.0590148609269	0.0096476484827	0.0704386912628	0.183718833914
921	0.662140328951	0.0585560845954	0.00937336906319	0.0720139969658	0.180718285194
918	0.67136807143	0.0617215701815	0.01041140801	0.0868824253774	0.201397460301
919	0.6718476949	0.0595366293387	0.00977920064221	0.0846153276424	0.182466343193
916	0.680033846543	0.0628637819853	0.0110028154126	0.0826592561364	0.201412524411
917	0.673604804124	0.061836993273	0.010618828778	0.082356215345	0.19195218208
914	0.681953924847	0.0634732700766	0.0112261688632	0.0738503839977	0.205329340305
915	0.682328368394	0.0634223356115	0.0111087865499	0.08034310489	0.203255196402
912	0.693318428023	0.0626478628611	0.0114552867484	0.0734455096407	0.184660802752
913	0.690820122565	0.0612264325003	0.0110195538468	0.0739686488362	0.171679797407
911	0.695448696625	0.062577674433	0.0113886768158	0.0757057785509	0.18652619714
910	0.698772152609	0.0641115333652	0.0118204515571	0.077424360135	0.209177122215
909	0.698490849476	0.0628512920189	0.0118898468494	0.0763250577092	0.172215790535
908	0.710945486372	0.0604866473091	0.0119679747388	0.0706517859271	0.157898717138
907	0.718630771674	0.0605838799953	0.0121529319749	0.0720782191072	0.158044935653
906	0.720600047781	0.0632102415438	0.0126654606361	0.0741228599861	0.179193425327
905	0.719064360179	0.0607391469805	0.0116645351612	0.0755407604739	0.162961918601
904	0.731784712137	0.0598739012663	0.0113152318131	0.0765919134852	0.151507448327
903	0.730929771992	0.0604503446708	0.0114090588597	0.0702133118772	0.152127088274
902	0.729694102888	0.0628846802704	0.0123981468061	0.0712886738104	0.150774744215
901	0.731653405657	0.0633400542864	0.0126415495511	0.0721310986173	0.147563707783
900	0.733938624961	0.062993371483	0.0119901679985	0.0754315848398	0.144842784282
899	0.731959674726	0.062151287934	0.0118419740271	0.0741826630063	0.137347136575
898	0.732965241977	0.0628472943511	0.0119019925194	0.0750114644385	0.144930728775
897	0.734273702825	0.0639955374455	0.0130404326694	0.0751950976141	0.145369151002
896	0.741661317301	0.0621528734334	0.0129067093783	0.0679501627444	0.129505181327
1016	0.181294514462	0.0205269496588	0.000665468109759	0.0318449308995	0.0443233092184
1017	0.18341441098	0.020507611057	0.000678468252461	0.0311445229885	0.0461585607818
1018	0.115946304421	0.0189694030556	0.000491650759712	0.0312434309661	0.0446844322151
1019	0.127098151005	0.0182405608138	0.000498736490727	0.0256471648195	0.042181896752
1020	0.131859495954	0.0176594280737	0.000478675144861	0.0260986951043	0.0405557941026
1021	0.139272513747	0.0174532322071	0.000470253235062	0.0257270091333	0.0362434595005
1022	0.140878578579	0.0176253604718	0.000535615912251	0.025278821679	0.036180347291
1023	0.141326819593	0.017704656395	0.000538879770411	0.0247826545923	0.0359962251116
1008	0.171134250296	0.0202813884625	0.000640565490544	0.0287645824605	0.047438885008
1009	0.171622264149	0.0205646262391	0.00064150614103	0.0298278784939	0.0464583623546
1010	0.172637953248	0.0207774454935	0.000646599704228	0.0319889750932	0.0468423432158
1011	0.173183782584	0.0207165734794	0.000644475065462	0.032193612491	0.0470295981678
1012	0.174915753586	0.0203774667425	0.000615111616666	0.0305748718439	0.0466304773276
1013	0.175794423779	0.0206225965748	0.000627882631388	0.0323907966719	0.0481404774441
1014	0.176841934291	0.0207779400439	0.000644680228849	0.0348202657297	0.0476822943911
1015	0.178130732889	0.0208804612252	0.000664836354581	0.0334851768973	0.0478516795767
1001	0.126598596211	0.0209920934875	0.000553455931035	0.0354334735943	0.0509631866127
1000	0.126258177614	0.0208584671995	0.000547763629572	0.033927795364	0.0503860461525
1003	0.127125486298	0.0205108172789	0.000544537535918	0.0320977820116	0.0507724987546
1002	0.126863284871	0.0204163603677	0.000549483778035	0.0325021563922	0.0498512605197
1005	0.127938407866	0.0202137507815	0.000539214733389	0.0296872790625	0.049988357326
1004	0.127503990703	0.0203382204618	0.000545481334306	0.0307638362889	0.0501495430225
1007	0.169920832554	0.0202568407654	0.000620554271336	0.0289970047361	0.048431212197
1006	0.128730919072	0.0201000380912	0.000546462366125	0.0299529602843	0.0474373594206
993	0.231820652083	0.0317125203238	0.00180935402736	0.0499649747619	0.0826334098417
992	0.231220109674	0.0314017820069	0.00177727633323	0.0490665154028	0.0818880811728
995	0.233911270804	0.0333394626784	0.00200384991011	0.0500874455785	0.0866834585097
994	0.233154151448	0.0322440661965	0.0018636002667	0.0500592208232	0.0858775245
997	0.125960695535	0.0212412265298	0.000556431087607	0.0346721512187	0.0497586457071
996	0.125718122501	0.0212347788384	0.000558611845644	0.0344931498621	0.0492984127927
999	0.125957126693	0.0208356527192	0.000547014540962	0.0329570366593	0.0501975329774
998	0.125958768507	0.0210033262731	0.000552609398592	0.0327883879333	0.0499026907476
986	0.244830280664	0.0342130824346	0.00214692465246	0.0534548343727	0.0853537757451
987	0.235696478365	0.0334919636825	0.00206768667046	0.0531906063585	0.0871456633277
984	0.267596770263	0.0366748119162	0.00265119373071	0.0512561814868	0.091232481057
985	0.245675751913	0.0340763349658	0.00219833779819	0.0504862806837	0.0851031725747
990	0.229950724963	0.0300101194395	0.00166163808748	0.0488302136808	0.0784533733215
991	0.231217357233	0.0304579669092	0.00169094004445	0.0489272585337	0.0794594563746
988	0.233994994348	0.0330130361589	0.00200775394433	0.0521606176521	0.0845801501546
989	0.231564300667	0.0315692939241	0.00183269794819	0.0509755380045	0.0836403097649
978	0.307088357308	0.039679481857	0.00339167364436	0.0527574283004	0.123820472255
979	0.293906216246	0.0373016355647	0.00293351766457	0.0526941191132	0.0987616421018
976	0.338502435369	0.0424304449859	0.00383482621206	0.0602647544683	0.135517693314
977	0.320400928273	0.0413812155492	0.00353199333759	0.062463888514	0.127063172347
982	0.265144959898	0.0375134439614	0.00285054124608	0.0525149173686	0.0994476282026
983	0.262896499481	0.0377146544607	0.00276268456234	0.0519596119067	0.0977891603262
980	0.261417203948	0.0366379287987	0.00274469777808	0.0516647656848	0.0978618665503
981	0.259887153908	0.0372915762008	0.0029219698949	0.0515395312193	0.0982155901592
971	0.984275044205	0.05018311977	0.00966247833413	0.0602190032826	0.143975886943
970	0.276920198394	0.0429053080035	0.00348931510048	0.0570548984772	0.127363661135
969	0.281162347816	0.0437767760686	0.00357931528075	0.0584112682046	0.125396883841
968	0.27930542466	0.0433068298405	0.00364983842421	0.0584739039749	0.131891060482
975	0.402766914282	0.0434705392691	0.00412295478564	0.0599372188682	0.137098560184
974	0.440824503753	0.0442696929471	0.0043966093132	0.0563977955113	0.134344263958
973	0.491326455838	0.0460306161997	0.00484777758515	0.0616893556643	0.141779594744
972	0.641740206218	0.0478478415652	0.00604033109337	0.0630372017763	0.142463586634
963	0.29900090109	0.0442783824664	0.00386880385127	0.0672391752912	0.136946108475
962	0.292268929587	0.0444867429066	0.00393568755464	0.062185345907	0.136062231106
961	0.291668797682	0.0430890502283	0.00402290011968	0.0590885019079	0.13627425297
960	0.294076045199	0.0430044808477	0.0040080159826	0.0597056554728	0.139666921172
967	0.282993271526	0.0438332140465	0.00372949964426	0.058357289827	0.13047183428
966	0.283540618257	0.0439778573012	0.0037714125424	0.0596789535739	0.128950600993
965	0.281230492703	0.0441779581623	0.00382029008161	0.0663790107804	0.131691298343
964	0.283108399134	0.0443353445451	0.0038869468518	0.0679004234428	0.131944128892
