Engine started up
Pred.Date	MaxError	MeanError	ErrorVariance	Q80%	Q90%
2010-12-14	0.884170008154	0.219477834904	0.048493841682	0.405540064207	0.595425516945
2010-12-13	0.810760074793	0.171962587834	0.0362589664606	0.308463183089	0.465484229353
2010-12-10	0.959835658687	0.157203025207	0.030886406777	0.260783779307	0.399674864207
2011-4-8	0.713385263403	0.125697129076	0.0181119174148	0.187024603903	0.295274955792
2011-2-28	0.758028060574	0.109789246845	0.0212666658647	0.148671817372	0.270058681513
2011-4-1	0.700566621233	0.125643274753	0.0189812368385	0.19234013152	0.309247825136
2011-2-21	0.859606344637	0.199691987519	0.0343272468593	0.334502313385	0.455996570214
2011-2-23	0.87048815419	0.0984602065944	0.0184167825026	0.129009808638	0.219628534534
2011-2-22	0.719708153498	0.0984830016487	0.0148768068809	0.136098570154	0.265806569543
2011-4-5	0.782797436837	0.121462849043	0.0191995246495	0.172589408076	0.300982348845
2011-2-25	0.754336017839	0.108633750538	0.0199446183267	0.154421282461	0.292941781325
2011-4-4	0.841406067098	0.115335704356	0.0177063088985	0.170266153492	0.244516110275
2011-2-24	0.632002042431	0.113118825454	0.017571588293	0.164007369416	0.288030337678
2011-4-7	0.753718069065	0.0961010051152	0.0135209808649	0.139499539993	0.248874264748
2011-4-6	0.758751475762	0.0875937480279	0.013817991565	0.119834101417	0.182900552507
2011-3-8	0.717171287797	0.0976478838136	0.0156132372855	0.128821100034	0.233642143917
2010-12-23	0.845277744353	0.129937421879	0.01780394583	0.201629999771	0.31381495105
2011-3-7	0.797333808846	0.121531814466	0.0229470903743	0.180998111288	0.315651960539
2010-12-22	0.932930103369	0.121440731456	0.0205405290737	0.199005380256	0.305881051008
2011-3-2	0.638602783171	0.0897614890048	0.00977118837964	0.145392948623	0.195139278449
2010-12-21	0.826712634019	0.125127426697	0.0210687920117	0.194135564082	0.291208267373
2011-3-1	0.745024880281	0.0852934851344	0.0108322150289	0.1194782389	0.201918262108
2010-12-20	0.969793473917	0.259114483957	0.0496133519204	0.44450657472	0.609864784771
2011-3-4	0.720188382464	0.112718845529	0.0176027514392	0.165721808267	0.30532003289
2011-2-1	0.763790512185	0.112548330866	0.0171745600135	0.159528185601	0.254377396313
2011-3-3	0.624375323112	0.0994289828728	0.0126592677376	0.149419080144	0.229080398896
2011-2-3	0.708935588168	0.0893374800775	0.0117289981353	0.137173355418	0.214286298816
2011-2-2	0.825231979163	0.124896115163	0.0250766081896	0.159927670266	0.332722461789
2011-2-4	0.729942304895	0.133599247095	0.0233188057287	0.219617666944	0.359260425949
2011-2-7	0.751458196746	0.0852363563713	0.0130189332632	0.116427153419	0.199959654128
2011-2-9	0.666790998008	0.105371425166	0.0138838294956	0.147636458949	0.252840289072
2011-2-8	0.809379173446	0.124646283253	0.0204683468824	0.183992612591	0.308959774194
2011-3-9	0.78789353519	0.126585710955	0.0226768306334	0.17696647546	0.338601446587
2010-12-17	0.946366938005	0.290790413857	0.056509992216	0.503462423161	0.627384567798
2010-12-15	0.824032967785	0.186888084988	0.0415420029332	0.326889593896	0.578638413539
2010-12-16	0.907058740633	0.298381911317	0.0601024589504	0.559104227342	0.667757246741
2010-10-8	0.831552362406	0.140382812306	0.0250917740921	0.215430722731	0.337530337594
2010-10-7	0.811511264821	0.165031705952	0.0278710272704	0.260314370123	0.395445944149
2010-10-6	0.920416747239	0.150167568316	0.0259101714299	0.222861146016	0.355250647824
2010-10-5	0.832876486209	0.140665764827	0.0217433853843	0.222399249799	0.344449270509
2010-10-4	0.678685950005	0.143268890754	0.0145250758032	0.232772765788	0.311295302218
2011-1-21	0.686730610192	0.1212984484	0.0200372958688	0.181651177815	0.304406219033
2011-1-20	0.793418362978	0.110877185744	0.0155922788355	0.169553925291	0.273879864927
2011-1-26	0.778925095741	0.123331366041	0.0224284164559	0.174843788651	0.353625004695
2011-1-25	0.70406242295	0.106684007495	0.0136295539523	0.17145336046	0.2454263789
2011-1-24	0.80926874071	0.191891651231	0.0335536240523	0.306264888584	0.464887722532
2011-1-27	0.640838223563	0.123639248064	0.0177703094761	0.184595724075	0.32470822094
2011-1-28	0.867968058297	0.0974553200991	0.0173068836505	0.124013815648	0.207164286461
2011-4-19	0.819192774435	0.126085285215	0.0221730521676	0.191722729748	0.343223812677
2010-11-12	0.964846617775	0.25687808402	0.0561913156496	0.466797950591	0.617923341868
2010-11-11	0.947196066943	0.219397887009	0.0593217181994	0.401888242464	0.655676840115
2010-11-10	0.932707930189	0.262128920463	0.0645947706952	0.499878224562	0.698731859226
2011-1-11	0.842291296492	0.161083388558	0.0316805815688	0.251217960206	0.426307005779
2011-1-10	0.804187626486	0.150187431115	0.026804009964	0.239268781903	0.39513152564
2011-1-13	0.62873518925	0.107209773779	0.0136221848704	0.173805207226	0.255948104863
2011-1-12	0.877213479643	0.12452365571	0.0256754449485	0.18368051496	0.32071294655
2011-2-17	0.690636145084	0.109750128282	0.0152955344506	0.169420139506	0.267165082254
2011-2-18	0.85635142636	0.112138132485	0.0164763159229	0.167583056043	0.288270349997
2011-1-14	0.857321323499	0.172670464877	0.0287200981252	0.268963909529	0.41877554364
2010-12-3	0.923354470508	0.19156018684	0.037478007467	0.365172265384	0.502416490552
2011-2-16	0.608673418204	0.0939417006633	0.0123969705925	0.130099144664	0.211020057387
2010-12-2	0.87531311024	0.151142285123	0.0376004836362	0.243904416426	0.449059194048
2011-1-17	0.782428756778	0.130893812573	0.0209863395558	0.211294973538	0.316861086871
2011-2-15	0.735228608559	0.114040974475	0.0176373994327	0.166088290857	0.277720043024
2010-12-1	0.907593545794	0.18281788925	0.0426968190839	0.321270734225	0.527439916735
2011-1-18	0.715034410433	0.114226229084	0.017879572106	0.160185859722	0.275378872017
2011-2-14	0.877518682489	0.118270628349	0.0227897763875	0.173772912166	0.343133081365
2011-1-19	0.81305482264	0.117820925635	0.0238188159172	0.1596937666	0.305576045034
2011-2-11	0.877010447058	0.114291763777	0.0180864463898	0.161222813173	0.246441499129
2011-2-10	0.761527359406	0.103357219687	0.0169849223522	0.160311324149	0.262992736174
2011-4-12	0.634390232345	0.0959809734491	0.0114556553086	0.142769504984	0.243154343527
2011-4-11	0.734574250488	0.131571407807	0.0190559348284	0.184358243758	0.298245743976
2011-4-14	0.835138268116	0.12228571812	0.0245950612502	0.184204807993	0.299311368529
2010-12-9	0.885288593013	0.135575306802	0.0239828095369	0.221184439751	0.388585176328
2011-4-13	0.526776523659	0.0936100663673	0.0122713181337	0.135480218286	0.236575649871
2010-12-8	0.835386421141	0.174194808089	0.0401743070214	0.301637936506	0.50182614985
2010-12-7	0.908092730776	0.19393270331	0.0491608188507	0.363605105141	0.530500136718
2011-4-15	0.922059825766	0.105799193065	0.0171258431076	0.144265521522	0.271314741137
2010-12-6	0.860255184115	0.160157926625	0.0293072338978	0.237851872145	0.412166563579
2011-4-18	0.931923229426	0.13054521987	0.0235874347239	0.201732430563	0.363222048224
2011-3-29	0.646524485494	0.12788824131	0.0161580730751	0.201807280918	0.318239373549
2011-3-28	0.826143316713	0.136313374347	0.0204093111148	0.218554068652	0.33595424279
2010-10-25	0.947814523658	0.180949499972	0.0424454163916	0.291172665333	0.499550598614
2010-10-27	0.939248095087	0.18434085552	0.0397771024058	0.298384089858	0.483728155623
2011-3-25	0.855562379545	0.146209670142	0.0295806405591	0.2177195421	0.386334718667
2010-10-26	0.840462678923	0.217225180279	0.0466983969332	0.383031252614	0.583130197744
2011-3-24	0.878178013271	0.123417260903	0.0185026183665	0.169670389997	0.305208556209
2010-10-29	0.963785407395	0.20176943207	0.0456202233044	0.350359160228	0.528360573573
2011-3-23	0.7143429889	0.118171851082	0.0176897816299	0.192147334831	0.313190499524
2010-10-28	0.938999867642	0.234334635939	0.0514897538503	0.446002678893	0.608874942138
2011-3-22	0.478712846771	0.0881846181397	0.00885768556802	0.121025471759	0.207669414121
2011-3-21	0.831552006251	0.191818584309	0.0360043127391	0.312115817216	0.49147109683
2011-4-26	0.780440815084	0.143704917515	0.0266202228454	0.215468719772	0.3885432111
2011-3-18	0.878486758185	0.138334066161	0.032576679612	0.201946403436	0.355707652838
2011-4-27	0.907309297914	0.179838097532	0.0403412472617	0.279680491969	0.52662747554
2011-4-28	0.969387964527	0.24121381181	0.0611297773658	0.514503334207	0.63836044813
2011-4-29	0.979568556689	0.28228000141	0.0709381375502	0.543807782001	0.680656270611
2011-4-20	0.755898039052	0.128960824891	0.0237790282203	0.188595944814	0.339719873756
2011-4-21	0.835758373209	0.157158511199	0.0328658216181	0.245631404928	0.465176587436
2011-1-31	0.754384699479	0.115214164961	0.0187810780016	0.160076585799	0.249772921505
2011-3-15	0.56032562616	0.0713563820405	0.0093816434206	0.0954317942529	0.148067625764
2011-3-14	0.706939523646	0.0805023098436	0.0116316373118	0.109320120724	0.158717602316
2011-3-17	0.664486451503	0.106873513278	0.0160420589588	0.166888037009	0.268272096017
2011-3-16	0.607339418345	0.0760634127182	0.0103901737718	0.101213244865	0.167167670112
2011-3-11	0.673256297598	0.103933239482	0.0167698262415	0.167484702818	0.265613328887
2011-3-10	0.664430862756	0.101063577326	0.0130992609604	0.151172489766	0.27031431814
2010-10-11	0.815852814797	0.1103485064	0.0155637505503	0.154421091242	0.230840962684
2010-10-12	0.908106323977	0.145813516023	0.0236930018905	0.211286075172	0.327731144248
2010-11-26	0.921371065655	0.217165846484	0.048085534111	0.417896934818	0.554502359442
2010-11-25	0.906529427401	0.20880725126	0.0421442969712	0.380018525377	0.547082075255
2010-12-30	0.818387451835	0.165429106341	0.0217164613599	0.250954859802	0.376630406804
2010-11-29	0.96527652279	0.17025454476	0.0368984720796	0.303947561114	0.43690911186
2010-12-27	0.909373739654	0.214629620843	0.0406697314948	0.391620513223	0.546287160008
2011-1-5	0.7876209163	0.134005750321	0.021223602611	0.203398092071	0.321618582672
2011-1-6	0.707734863321	0.13737187436	0.018244742523	0.236310331238	0.335932494083
2010-11-30	0.880997360101	0.224876271473	0.0478856031976	0.415563143042	0.599451577774
2010-12-29	0.847658320952	0.135858864328	0.0191597612664	0.214564937329	0.303832141526
2011-1-3	0.893842857644	0.205671372111	0.0429842799055	0.354798911742	0.553177434161
2010-12-28	0.907348699017	0.136451705182	0.0256724401317	0.184358036417	0.281885419702
2011-1-4	0.743254822218	0.148919385224	0.0238886301294	0.230606010761	0.351637528692
2011-1-7	0.747305572382	0.162734913819	0.0226559150846	0.291178761668	0.39119297706
2010-10-22	0.830931460794	0.164598256996	0.0267011495414	0.264509699751	0.414162882923
2010-10-20	0.861935549494	0.152209012443	0.0289210760603	0.277242375836	0.372961606413
2010-10-21	0.798916524027	0.150085081454	0.0272330695754	0.259110032965	0.384274199386
2010-11-17	0.927449963426	0.236947861269	0.0530736078576	0.439884728692	0.589347747997
2010-11-16	0.963390790734	0.282175975358	0.0608611334114	0.513452975649	0.672295411636
2010-11-15	0.970078763533	0.219182947896	0.0516464966538	0.429356605727	0.563684175431
2010-11-19	0.967151363824	0.238517611763	0.0530285162217	0.425752759982	0.585413683827
2010-11-18	0.889846869078	0.206679608441	0.0480576362256	0.366731323491	0.58230535002
2010-11-23	0.856026976542	0.237023822212	0.0454721182398	0.417132193188	0.564529515308
2010-11-3	0.942780105249	0.236689462203	0.0487698913869	0.405544569734	0.585133011226
2010-11-24	0.854777367515	0.19937799101	0.0423615119314	0.357961958313	0.529345118054
2010-11-4	0.947050639022	0.221540595852	0.0491399042328	0.419612522174	0.580222398626
2011-3-31	0.840191373806	0.120848535359	0.0189461495893	0.184371221516	0.267201718189
2010-11-1	0.962860046439	0.249820437326	0.0620399632844	0.468467989113	0.680215383744
2011-3-30	0.748576010599	0.11297078435	0.0127136646501	0.170373146182	0.275583874443
2010-11-22	0.871252404023	0.176977237147	0.0333171447832	0.288997294776	0.421964250725
2010-11-2	0.970822678677	0.258108514053	0.0589765013561	0.496624332697	0.639245610874
2010-11-8	0.949730505878	0.243134623801	0.0693412299973	0.445489012343	0.734886032342
2010-10-19	0.776562944587	0.157585863819	0.0306171408011	0.228324543522	0.447248110196
2010-10-18	0.872261350291	0.160919701218	0.0248517184838	0.248055725069	0.394196980899
2010-11-5	0.97497326353	0.210812087122	0.0474833012929	0.354515685841	0.567662575122
2010-10-15	0.788133607847	0.146839374815	0.0233030608425	0.239505149781	0.375248376737
2010-11-9	0.981201799438	0.304952468079	0.0837129215227	0.5894814796	0.826933766229
2010-10-14	0.878850545229	0.155426153733	0.0273998291614	0.238504631789	0.398063694211
2010-10-13	0.927535583624	0.152429881607	0.0289188113094	0.223880031996	0.408779319384

Pred.Minute	MaxError	MeanError	ErrorVariance	Q80%	Q90%
1032	0.744699038936	0.130563170152	0.0232842663631	0.225946559438	0.387113978328
1033	0.707919128685	0.128066657735	0.0209160254427	0.245948023595	0.316376826216
1034	0.599383800669	0.121798778792	0.0183686011324	0.21642248397	0.286899760323
1035	0.855700674244	0.119759750464	0.020411289792	0.185522141685	0.293487208255
1036	0.867632243746	0.155799256381	0.0317150855087	0.293136022643	0.443635413157
1037	0.870485602692	0.172184269779	0.0354397530727	0.309255517485	0.474186642987
1038	0.875440642163	0.177599944094	0.039230649066	0.345799076726	0.517865022107
1039	0.792367704461	0.169185062781	0.0401723248441	0.342708922858	0.521759456243
1024	0.548924490287	0.108741335308	0.0163599319842	0.14638066403	0.340318840564
1025	0.480781608115	0.0925653617235	0.0112616066376	0.15218984102	0.242572238373
1026	0.754572340873	0.11367961736	0.0196086606088	0.175108110455	0.316995560905
1027	0.738228973731	0.105930551624	0.0177269563452	0.171545288394	0.308921451958
1028	0.722301333598	0.111165045713	0.016707817423	0.18464191316	0.298727605392
1029	0.66894892695	0.10405876822	0.0163437286695	0.170104672505	0.263980307305
1030	0.592400310252	0.116749465149	0.0174438855482	0.206122502198	0.325515547985
1031	0.581084535296	0.10817785968	0.0167412312567	0.18043388571	0.305968329476
1049	0.0670439015727	0.00122567294943	4.99026041552e-05	0.00027774967358	0.00109102506313
1048	0.626744774569	0.0620476139782	0.0111345416152	0.0885521214785	0.157269118009
1051	3.03322241221e-12	7.61242050904e-13	3.6774086153e-25	1.1298525503e-12	1.58406455026e-12
1050	0.000264392887831	5.0956500847e-05	8.48054649658e-09	7.26672250918e-05	0.000141034016143
1053	3.03322241221e-12	7.58755490687e-13	3.68300277657e-25	1.1298525503e-12	1.58406455026e-12
1052	3.03322241221e-12	7.58755490687e-13	3.68300277657e-25	1.1298525503e-12	1.58406455026e-12
1055	3.03322241221e-12	7.58755490687e-13	3.68300277657e-25	1.1298525503e-12	1.58406455026e-12
1054	3.03322241221e-12	7.58755490687e-13	3.68300277657e-25	1.1298525503e-12	1.58406455026e-12
1041	0.769679950215	0.135702610089	0.0272548439582	0.237413930454	0.386480455404
1040	0.797333808846	0.162886893937	0.033535793273	0.297870464521	0.471853494633
1043	0.731257514839	0.0950057532968	0.0143882537751	0.144259943798	0.202723098199
1042	0.797418311697	0.114926473022	0.0237417547952	0.181062274093	0.311498728574
1045	0.795796269194	0.120011453144	0.0315343679789	0.147910496431	0.373975722586
1044	0.747914063526	0.111819593268	0.0267354787373	0.125858201597	0.307978247385
1047	0.630445532463	0.0929685332315	0.0189918513107	0.135173592584	0.286618094458
1046	0.648442968872	0.106970879405	0.0233496963959	0.155574032239	0.340163661106
550	0.904118647585	0.107561572449	0.0268023415362	0.13762660889	0.331148348248
551	0.914186407031	0.0883296611792	0.0173535032855	0.104300054759	0.178971142107
548	0.888813279428	0.106976559256	0.0233074663155	0.140719434522	0.255346536115
549	0.892571583601	0.107962150487	0.0243020668738	0.140752647799	0.299344719629
546	0.69751866546	0.088594380017	0.0142007373774	0.112880415781	0.191479747336
547	0.668143040829	0.086496854299	0.0139813716798	0.108501105451	0.17730676252
544	0.443500281754	0.0767380740334	0.00641394284569	0.11613363028	0.153524080608
545	0.479068730015	0.0759441826148	0.00636377748402	0.11248650839	0.164162546352
558	0.814785308977	0.139946829626	0.0308468628707	0.190494277002	0.377007985516
559	0.827407376303	0.152056581552	0.0413092640781	0.213619329491	0.526364856429
556	0.810683338798	0.124962730709	0.0239857786116	0.174658775377	0.312149962458
557	0.85697373965	0.167109099934	0.047269032271	0.24064648357	0.500597955943
554	0.85758387975	0.123578148449	0.027205019852	0.171645897712	0.349815693797
555	0.839057651692	0.127244473164	0.0256792537599	0.164138056876	0.327162701363
552	0.931054582707	0.120504484148	0.0335847910754	0.137016505841	0.351400760256
553	0.828581928932	0.113468692859	0.0226917397855	0.151088873662	0.275287567418
567	0.739424793579	0.096458070283	0.0112761808183	0.135110359767	0.248016662966
566	0.778389728302	0.107823789807	0.0176488801562	0.15828898599	0.251474369638
565	0.800413125624	0.124352303818	0.0220294893229	0.152816566867	0.320264009055
564	0.678701570797	0.120414531755	0.0198966267891	0.145243021613	0.351368720649
563	0.779863650471	0.132150555257	0.0231615354131	0.184499603662	0.4002168746
562	0.597354156375	0.113247147624	0.0173627445491	0.154418155353	0.298727897293
561	0.874542933075	0.128230049641	0.0256424068294	0.177999648096	0.369145945333
560	0.757660700008	0.116589077715	0.0244681508643	0.134031279843	0.29665088969
575	0.836910864292	0.157584056449	0.0359533291487	0.256269133462	0.446843760743
574	0.836630368169	0.167051916701	0.0356113163094	0.284965661795	0.446118912634
573	0.716075572381	0.147387980567	0.0273341802498	0.264847105528	0.401857109843
572	0.607402462341	0.114364486002	0.0157395799931	0.18213229389	0.302992934247
571	0.552429924486	0.116193648929	0.0138488975409	0.156388843874	0.275546383973
570	0.491543206258	0.0847938879895	0.00526870609187	0.13379822815	0.174988526245
569	0.471643577436	0.0860036391672	0.00572016492387	0.13082940333	0.195802508667
568	0.53446983206	0.0821660392673	0.00666917039304	0.112617101947	0.17169305297
541	0.266692547828	0.0564558846425	0.00259421194963	0.0819251973092	0.1160069185
540	0.269231462978	0.0385539340765	0.00233580103548	0.0589538970375	0.0960038116326
543	0.452865383834	0.0653607583173	0.00520671118169	0.0888344937499	0.136358101718
542	0.269269224089	0.0565383084637	0.00246606546269	0.0918029486579	0.118083419667
537	0.177309240658	0.0130252533831	0.000677877440217	0.0181690400599	0.027379031624
536	1.26186340725e-09	1.44896878626e-10	3.48341839284e-20	2.41388914309e-10	3.59747723991e-10
539	0.197029736204	0.0322131974966	0.00161512306533	0.0487030295424	0.0836919312129
538	0.198110865327	0.0259437735994	0.00144298170831	0.0336829244295	0.0589652190075
610	0.945530244229	0.1684805382	0.0370482197176	0.285111183146	0.478169461452
611	0.954060446085	0.139736845522	0.0295156923425	0.222027244357	0.35064973356
608	0.910578053455	0.144502370568	0.0291498916706	0.233199517697	0.375915788126
609	0.948820450558	0.171811108108	0.039350895479	0.281249021596	0.431615777486
614	0.942780105249	0.146352025852	0.0329160637604	0.210866166763	0.394260708553
615	0.939248095087	0.176114446083	0.0416001455893	0.253300263656	0.469849423954
612	0.929373285813	0.141080237237	0.0299723901955	0.196322603262	0.355707791983
613	0.872064956262	0.134364173345	0.0259017508762	0.186114886705	0.364154466055
618	0.922536909633	0.147665982667	0.0317837424722	0.217701686131	0.335773854624
619	0.653787307551	0.131761586429	0.0196119180726	0.202741987235	0.324433301986
616	0.929249248357	0.177084442852	0.0430120089672	0.27163253668	0.517283576115
617	0.947050639022	0.174599534914	0.0460762661175	0.233378528342	0.487211925412
622	0.925527375326	0.166774618335	0.0388805754086	0.26277410411	0.456255639291
623	0.857321323499	0.171947904038	0.0402455902527	0.293857514209	0.49827815896
620	0.700140319983	0.126806044556	0.0165572999379	0.200710918388	0.261120135187
621	0.964846617775	0.148917643483	0.0320943568546	0.240280338786	0.371957273493
627	0.75966279776	0.158116824012	0.0333951527541	0.233398556237	0.481743706149
626	0.744949731738	0.167018691463	0.0327022873364	0.284967774645	0.439065157448
625	0.833514063031	0.142117001417	0.027027879611	0.222223582626	0.376759909505
624	0.848892494024	0.167482848478	0.0364731059094	0.294449182278	0.508049726886
631	0.752764941873	0.160390968654	0.0367070825323	0.236981569215	0.514312643579
630	0.870735154539	0.187805552408	0.0462206545958	0.303484792432	0.583174439162
629	0.866501985379	0.184128946133	0.0461262437567	0.294796963462	0.573409121938
628	0.863827242472	0.191174040343	0.0467755963888	0.333679080443	0.550695232142
635	0.765978127336	0.13567123345	0.0234158500615	0.204476171976	0.347428417343
634	0.738707116146	0.125317778885	0.0212257798411	0.15506296833	0.338358871277
633	0.740268652854	0.13197386176	0.0248181105433	0.160607210399	0.376374825672
632	0.739004628089	0.125610765929	0.0257802426356	0.175456683846	0.291253786171
639	0.863707793468	0.171550982241	0.0329623905269	0.262046870224	0.449043920499
638	0.880134625538	0.158630161553	0.0316590365898	0.23949517659	0.390571408198
637	0.844618555096	0.172311655675	0.0392253487339	0.253482882997	0.441588465202
636	0.830608080728	0.185773696823	0.047661690453	0.284085921694	0.586415547342
576	0.863685100332	0.159189695725	0.0385276829597	0.267593367935	0.483530923004
577	0.887301864344	0.144398102471	0.0355795368503	0.235842452658	0.436978464173
578	0.902684151169	0.133371660855	0.0318324958411	0.158064426639	0.384920173811
579	0.766459308204	0.119261951375	0.023993504598	0.171210583258	0.277885471222
580	0.797910618819	0.132421628592	0.0280814692959	0.179496242657	0.34628884253
581	0.849305235565	0.155117265437	0.036229736548	0.211570468013	0.468329662408
582	0.875165020877	0.168596843938	0.0427173434045	0.275994405031	0.492372771904
583	0.879373074907	0.158346759087	0.0362098700246	0.24791380486	0.443074314661
584	0.875883037573	0.14198100119	0.031024916491	0.228487607351	0.412501940862
585	0.891698453877	0.157715567589	0.0403489276866	0.242174914328	0.52084448748
586	0.867519111233	0.160799747416	0.0439466016384	0.258049433935	0.576989301002
587	0.899866141812	0.143474399749	0.0439751322077	0.167933381989	0.521431840232
588	0.962860046439	0.15393866215	0.0433996225771	0.206056588259	0.481509464255
589	0.895524233463	0.144171352921	0.0360505421027	0.203035057825	0.417161064836
590	0.717095544547	0.0882893720552	0.0113345837136	0.126264087078	0.195044898918
591	0.946366938005	0.0984556772107	0.0181929107674	0.13030366005	0.177267280133
593	0.853713532454	0.131210792754	0.0287571360806	0.17582947835	0.39420776648
592	0.896550398706	0.0976020607505	0.0157122834371	0.129983133206	0.209976833015
595	0.778610806073	0.14393229328	0.0331163124517	0.231632591406	0.438792626477
594	0.889846869078	0.154682212395	0.0421986777331	0.286528422833	0.476286449992
597	0.835061770248	0.151373741	0.0309258432972	0.233161723148	0.430264155754
596	0.767037566502	0.14077239331	0.0292715122936	0.219651170317	0.391345848707
599	0.967151363824	0.184665256036	0.0487304714661	0.34531407484	0.556422994626
598	0.914362127992	0.163333263122	0.0379559214368	0.228930330614	0.455837492986
601	0.963036607552	0.15063920258	0.0339080773731	0.206047620939	0.395698568549
600	0.97497326353	0.158333792281	0.0403069710472	0.214953130692	0.465118118324
603	0.941875922981	0.13990233559	0.0265487674147	0.209895348823	0.367474180604
602	0.802069959597	0.139121124242	0.0274569886525	0.193413319522	0.378326727397
605	0.871252404023	0.145070038704	0.0280724479083	0.222813221115	0.423413384128
604	0.939160191927	0.15097493723	0.0267582476225	0.220676258888	0.391760830607
607	0.911464352086	0.162712876035	0.040984833456	0.26631898555	0.466253889798
606	0.870461157612	0.145303120488	0.0292605367908	0.220555565301	0.411834101116
687	0.935844072905	0.171702091657	0.0294438436714	0.270000083448	0.383958461873
686	0.940534762465	0.16647566689	0.0330895273861	0.232197214792	0.420606175101
685	0.908092730776	0.166179729633	0.0311803692663	0.235080767371	0.450616489549
684	0.829994886639	0.183678190321	0.036922434314	0.296943511668	0.498834664575
683	0.660077645651	0.155853088197	0.020127514697	0.24426820948	0.372885323017
682	0.886165252202	0.188203093368	0.0363893008442	0.294392024934	0.480170990743
681	0.904175636072	0.184543359727	0.0386144062432	0.31761305866	0.451870395822
680	0.907058740633	0.18160922784	0.0364593662524	0.2876879458	0.477210423689
679	0.858916695706	0.179689338943	0.0361007837732	0.298521442923	0.500280136232
678	0.87531311024	0.172818561738	0.0391812028537	0.282536005816	0.502145871695
677	0.832697610093	0.159247257204	0.0331813937369	0.241948976441	0.464747598257
676	0.840337773194	0.174331997994	0.0361671144227	0.319905971399	0.492750522846
675	0.851324854971	0.194131831573	0.0450531324316	0.300858144509	0.572951595984
674	0.852297127574	0.189402873967	0.0420273139409	0.298777864628	0.502189863037
673	0.865379748034	0.183714404078	0.0456099400326	0.284558028989	0.578671044239
672	0.785306655241	0.191061241147	0.0401101914117	0.319432803341	0.525930207683
702	0.843019595607	0.213018732314	0.0500348555839	0.412749908196	0.566605724063
703	0.931923229426	0.207090195921	0.043952371544	0.395600902224	0.508272754099
700	0.811046906048	0.170770676627	0.0338322335956	0.295098343438	0.482308879998
701	0.844331301169	0.176446481043	0.0323490361663	0.321001372774	0.445963454875
698	0.923354470508	0.168816632372	0.0329282858289	0.274999585993	0.41153971865
699	0.859218545875	0.187898962379	0.0396945591482	0.299246407908	0.509699770843
696	0.879050142059	0.168044365239	0.0354064026314	0.253585305692	0.490477149589
697	0.91882039967	0.177459552433	0.0393697574961	0.289312416813	0.506147161086
694	0.82592935659	0.189690644513	0.0488520419228	0.322090424685	0.58258301641
695	0.934044664879	0.188223198443	0.0457527072074	0.34132013646	0.541928757568
692	0.967926727584	0.170837949788	0.0432477217991	0.23319802756	0.492097288738
693	0.915828264353	0.172600830307	0.0392959208408	0.258046156487	0.518032485064
690	0.962138782642	0.181235568341	0.0385007756333	0.274145015221	0.429006539629
691	0.970078763533	0.16664359582	0.0343111450053	0.267712223252	0.332282352873
688	0.93897568899	0.153632575461	0.0231591165474	0.226760391668	0.350124791649
689	0.96527652279	0.163617382277	0.0289137238767	0.245722856662	0.382131023186
653	0.949730505878	0.187265100196	0.0412212252528	0.273837601432	0.530667689652
652	0.945083268763	0.165358695924	0.038622069734	0.225620948988	0.428490507686
655	0.843662568387	0.165843072686	0.0284567029293	0.303833875999	0.407547011657
654	0.714949895255	0.176857201392	0.0353990627668	0.322255485688	0.488858163846
649	0.764424501195	0.143501959448	0.02828459247	0.229150526207	0.402445830798
648	0.878486758185	0.150522703238	0.0276979547169	0.267417887095	0.392016253783
651	0.922991552379	0.164716134665	0.0375673782082	0.226038257672	0.443463548712
650	0.706040619983	0.143240159441	0.0279363501164	0.236457448284	0.401840475531
645	0.726929070634	0.150660061067	0.0207107760924	0.239808497049	0.356395204469
644	0.714508522379	0.141851405543	0.0197223302535	0.218840427534	0.355742681381
647	0.70945992644	0.150402509629	0.0208214532225	0.256334530716	0.362025663655
646	0.753057173434	0.145169174965	0.0204495244541	0.228681462503	0.350928617423
641	0.860093326225	0.1582352233	0.0338015987359	0.201376450864	0.411570477935
640	0.969387964527	0.1690996448	0.0362353917788	0.23582618337	0.435117662183
643	0.907309297914	0.164978165995	0.0324491056534	0.258479344081	0.395941646215
642	0.878850545229	0.154611610259	0.0293792191743	0.19985094499	0.31102232967
668	0.869867547194	0.135904679531	0.0223185525715	0.201828278437	0.372652065943
669	0.798916524027	0.176677785066	0.0378554178507	0.287013004432	0.476944061479
670	0.79253346048	0.17347241621	0.0300724753086	0.316940554896	0.436852555253
671	0.793654077586	0.20230327355	0.0378563520348	0.352582124581	0.518152828545
664	0.929300223942	0.182040598552	0.0415108287978	0.299758009994	0.449456999442
665	0.932350980266	0.194096012792	0.0517391020863	0.320033042369	0.58997465419
666	0.884167130904	0.153351229684	0.0316949651255	0.2346764596	0.372684567408
667	0.87166172036	0.175458687943	0.0424370526795	0.247239662851	0.516310168023
660	0.900114241664	0.154906618133	0.0331195774038	0.217075650557	0.34336528798
661	0.825626798807	0.148656833016	0.0233939245662	0.211660817183	0.325372155653
662	0.814986515351	0.161883206657	0.025421870605	0.236444707646	0.381221472549
663	0.927723956206	0.176310573614	0.0369758257571	0.280296157449	0.416886533662
656	0.922179370151	0.173588254208	0.034102582235	0.27848860878	0.437455817214
657	0.947196066943	0.17308924728	0.0423777571711	0.251514098712	0.475960132318
658	0.944514655992	0.165213401315	0.0378123493863	0.198359733094	0.439653132345
659	0.94202214876	0.166357227084	0.0392267732309	0.228243482319	0.418363988129
747	0.878087519205	0.187068479937	0.0468848601375	0.301781772249	0.521129301681
746	0.890178662568	0.19982380601	0.0439019567901	0.360425414577	0.537549802697
745	0.941333104879	0.201214611734	0.0423442510407	0.338630868934	0.482706312814
744	0.959146657665	0.203649905511	0.0464647305018	0.399155498672	0.549875516786
751	0.741457134119	0.142910320427	0.0185266034622	0.202415813587	0.311544681398
750	0.818348792957	0.13704413942	0.019945373829	0.207833124425	0.300875493534
749	0.852956893701	0.120916875661	0.0150509362255	0.189046966223	0.2896969746
748	0.879679843144	0.151034794674	0.0291692324568	0.210375713257	0.413488001625
739	0.947814523658	0.192002559807	0.0445159962162	0.316761253691	0.514320099449
738	0.878178013271	0.209785983542	0.0449498764268	0.3855121454	0.526502105904
737	0.921952796457	0.185146873264	0.0359741375287	0.325400635411	0.435241944116
736	0.930261361086	0.186019181543	0.0350173372619	0.334191201142	0.4719951422
743	0.959835658687	0.164434482177	0.0341376858266	0.256701538724	0.431178741918
742	0.809077670277	0.16150474115	0.0346443555408	0.246516578367	0.431787360213
741	0.790825251181	0.195992074691	0.0440569844294	0.330092664692	0.560985508311
740	0.809683586568	0.17201770517	0.0305369308256	0.294272038018	0.41649677903
762	0.872294090493	0.169179157424	0.027488254069	0.268882720662	0.444045355702
763	0.878828724229	0.166492973565	0.0281657994202	0.261467281686	0.44469902301
760	0.857999162317	0.19175058362	0.0379048882995	0.277799041805	0.526825697915
761	0.818660754773	0.175593942953	0.0326137883493	0.272142099109	0.4532115567
766	0.884170008154	0.169769629195	0.0382485993182	0.286521255314	0.429437852451
767	0.882235721292	0.154604071051	0.0337026483719	0.240576912302	0.361371008688
764	0.948978365109	0.194423119777	0.0466188336543	0.360264938523	0.508868031895
765	0.873107483559	0.172703852968	0.0370273337127	0.276275820545	0.475360732481
754	0.880997360101	0.162635933784	0.0350993431914	0.23178069708	0.365671716651
755	0.821639427376	0.165849257781	0.0308270857113	0.304611441694	0.422366515549
752	0.76476724188	0.151740892125	0.0220990627396	0.205679800494	0.347774094923
753	0.845276004459	0.176364583208	0.0400110103691	0.253383999469	0.487518021179
758	0.846934378114	0.184356057967	0.0354355603352	0.302129137023	0.440864018244
759	0.860539284248	0.183431565244	0.0325537836296	0.315391319335	0.412763405527
756	0.804296433655	0.184639340138	0.0311073765562	0.303434691729	0.463590892373
757	0.845686197168	0.193534049755	0.0356136630942	0.299921196558	0.507884393316
713	0.915593380931	0.201681189906	0.048118954794	0.363351212165	0.525070287143
712	0.804551797248	0.152521603094	0.0276690611837	0.224019143029	0.415342543338
715	0.947657998448	0.178550119187	0.0387540657415	0.317354859128	0.47463893481
714	0.88736062972	0.204739814441	0.0444956600885	0.322223401179	0.604563465194
717	0.963785407395	0.172316986585	0.0374551573635	0.267416470364	0.418934849362
716	0.963114074494	0.205863518671	0.043872273548	0.333709926319	0.516618385416
719	0.936984877632	0.178649813676	0.0410041182987	0.27429186429	0.491589275448
718	0.948150588663	0.164619649663	0.0340274908102	0.265587140204	0.428641112829
705	0.930098531082	0.203973133414	0.042008216191	0.341500154562	0.52849101773
704	0.880662491356	0.185970904419	0.0421184018547	0.333417993582	0.512173090421
707	0.915933271765	0.16284176319	0.0398675112963	0.266047457214	0.504734755192
706	0.897212011532	0.193882880607	0.0409008338717	0.373133923286	0.508176409009
709	0.760704168373	0.161060626033	0.0304868932447	0.253353895856	0.472900952524
708	0.917995296076	0.179504940316	0.0473722321533	0.282402229463	0.586715424644
711	0.772329812803	0.151469679337	0.0294309466422	0.246463604785	0.400818053435
710	0.75941445601	0.165246662145	0.0321592362459	0.31002753184	0.44332456017
728	0.896813337039	0.239001006982	0.0563448485695	0.433584883685	0.667867496851
729	0.846010272647	0.21851148794	0.0478988562736	0.37585970492	0.570267736208
730	0.846496529662	0.213198176026	0.0430426425438	0.378051026401	0.572511926037
731	0.703989787195	0.218765383356	0.0399723768015	0.394517855467	0.566124778493
732	0.874369733682	0.195587874945	0.0343047963383	0.332921383955	0.502188304398
733	0.872126806383	0.198446093539	0.0385168685276	0.359263902392	0.508009801155
734	0.933926030456	0.199300110487	0.0422977105882	0.339125274889	0.542252725981
735	0.92981341467	0.205965715281	0.0445109194357	0.361959734496	0.567969140493
720	0.747709087182	0.150072874053	0.0280256134554	0.225251040963	0.355203194496
721	0.831930416639	0.173890852417	0.0425856761408	0.286283787295	0.508169197749
722	0.836125617891	0.186768780297	0.0469710496832	0.312174832255	0.547077951109
723	0.855055159345	0.204651790363	0.0512432530332	0.374841052755	0.578061427138
724	0.885140896778	0.20182591098	0.0607744729727	0.362221963373	0.67911123445
725	0.90614272778	0.214971827589	0.0607479666221	0.39508766913	0.676814419874
726	0.833494719835	0.189635747291	0.0429265626847	0.290861769494	0.517318997321
727	0.844584994443	0.191802601711	0.0426992061538	0.308660673879	0.524925600533
821	0.788895516789	0.149268193226	0.0201605214743	0.231424459596	0.346132403983
820	0.805172087102	0.160320650353	0.0227549586476	0.239990894052	0.382664636844
823	0.769437533165	0.159555613389	0.0272071846047	0.239904570757	0.381683523094
822	0.853358315016	0.16570223888	0.0317561089279	0.246385473068	0.396608798257
817	0.855562379545	0.191417704673	0.0371400504932	0.305355990837	0.494071523125
816	0.828846694967	0.200193289881	0.0445604965921	0.381497196816	0.531924945783
819	0.78789353519	0.168575760913	0.0273204466839	0.276555069029	0.405894343486
818	0.869440207573	0.180278154406	0.0307696170377	0.281689719634	0.436313018263
829	0.938999867642	0.232121861817	0.0545280078407	0.409966481532	0.565382908258
828	0.916805418677	0.229083582829	0.0548550684944	0.407332186692	0.566056872968
831	0.892051151889	0.190611841081	0.0405279721515	0.359586928541	0.46869171097
830	0.932930103369	0.184956064258	0.042358506165	0.325182108645	0.466220086747
825	0.819116102588	0.20497642866	0.0403857584761	0.329593130027	0.522665707733
824	0.754016780335	0.171229168062	0.0315088265452	0.249851437952	0.449388964135
827	0.917782824872	0.191569637075	0.0389161727385	0.341093808677	0.457006840057
826	0.803087210671	0.206702345407	0.0400585978277	0.35619238844	0.510874299587
804	0.917583946577	0.211799705833	0.0485427410648	0.392314884422	0.581214285331
805	0.938444167477	0.235350815517	0.0563397481573	0.440922101902	0.610886969903
806	0.822544175793	0.195613428755	0.0357178726668	0.28743127563	0.519454404868
807	0.7434861109	0.169898933104	0.0296952571764	0.254425880283	0.452461742313
800	0.970822678677	0.18664930837	0.04726920865	0.267560737913	0.509813607029
801	0.877362852896	0.165259728035	0.0293222578101	0.265237550761	0.409290485942
802	0.866857283015	0.164630859182	0.0329478483093	0.252148064898	0.520915430078
803	0.932707930189	0.198467621905	0.043845100035	0.376232783647	0.576711222774
812	0.906045017367	0.176957300159	0.0351097541503	0.261974582083	0.446228821554
813	0.921371065655	0.186425327055	0.0344494398744	0.314697907475	0.428081925781
814	0.805528328048	0.183267428639	0.0298101357087	0.290237168865	0.412447754609
815	0.846875562923	0.179874028385	0.0356669666079	0.265882083999	0.461599346666
808	0.671496629278	0.138081914658	0.0187406492368	0.201656168494	0.310022109484
809	0.703380815085	0.14765242244	0.0183724570462	0.228424456205	0.314666359942
810	0.736918101251	0.178303382481	0.0302184907908	0.287584757076	0.455387575276
811	0.886296273213	0.160351977219	0.025719484183	0.243652997717	0.393796497309
791	0.63992573953	0.162242813881	0.0212850721177	0.239052998063	0.358753659809
790	0.78384544285	0.191555169221	0.0316190690538	0.336963545397	0.432741413923
789	0.927535583624	0.218440035517	0.0496689999399	0.391373814453	0.609421529017
788	0.848339035923	0.235117393498	0.0529013334816	0.430264039914	0.623692139937
787	0.848720869773	0.230578613515	0.046311190695	0.389597021532	0.602298097053
786	0.858641843952	0.225662023865	0.050609790676	0.387536650942	0.603344686361
785	0.867283250147	0.201175841297	0.0442702990028	0.336637861342	0.552195370767
784	0.833820682142	0.208636163644	0.0467603490048	0.338912549155	0.608483995762
799	0.898940152306	0.168400321224	0.0352017824529	0.233839259526	0.442801506339
798	0.904221563829	0.162971946637	0.0349894208237	0.216064425588	0.405587492329
797	0.914904554161	0.163512477727	0.0361285318336	0.231562742958	0.461419960616
796	0.919063502464	0.157094105326	0.0376217022831	0.214872315717	0.471295262862
795	0.86263683346	0.131729434207	0.021614441883	0.17183154686	0.291359767318
794	0.758034885719	0.150377466924	0.0211989208154	0.220428811245	0.34047563945
793	0.740596926524	0.158829415045	0.0237185013585	0.233359118934	0.361677364465
792	0.641601266073	0.166724909696	0.0246633100359	0.267637031617	0.419962662304
774	0.937926331313	0.206385474985	0.0519713182506	0.390554868663	0.502894662001
775	0.837234584621	0.174325904508	0.0271755065334	0.287224440536	0.408119975055
772	0.969793473917	0.229662805782	0.0581129973301	0.439897249663	0.592495421768
773	0.923231336469	0.206393937508	0.0524243860269	0.340333544042	0.610987580773
770	0.981201799438	0.195849799902	0.0464821725817	0.321925572586	0.509757948174
771	0.977854068536	0.208790820201	0.0477431236182	0.362509114775	0.518366628432
768	0.816688565488	0.166530242958	0.0310390901998	0.284877642971	0.435965547016
769	0.673531818011	0.158371861842	0.0255515933497	0.270486402697	0.414468827318
782	0.801145153823	0.168657518793	0.0284997678021	0.233996019772	0.378179078929
783	0.791903260183	0.167564216483	0.0304892938677	0.219357714115	0.380706811001
780	0.793418362978	0.184080706707	0.0335383258712	0.274108575733	0.458917040275
781	0.81305482264	0.170620833307	0.0265865306769	0.275455717661	0.405904550161
778	0.80926928783	0.175685284839	0.0302336588777	0.280351542967	0.443841070976
779	0.688421467492	0.167595738392	0.0258822061121	0.273572109754	0.429362838432
776	0.877518682489	0.175563599306	0.0350776941255	0.328801540425	0.467739493626
777	0.805513785422	0.186376626099	0.0341552565509	0.329126251934	0.454133838206
881	0.909456423274	0.128793036222	0.0178220757755	0.182697024312	0.247318459588
880	0.936766397109	0.142341407986	0.0241693751467	0.211925949351	0.326754424915
883	0.832876486209	0.142982158755	0.0252340924927	0.201901904304	0.388610886901
882	0.710608807796	0.128159791885	0.0152506812982	0.180826783026	0.242873526641
885	0.834685404062	0.174083338265	0.0366004518186	0.248871966973	0.518557880733
884	0.756499511831	0.146324503096	0.0264272504518	0.202222958462	0.398281999389
887	0.877010447058	0.158772205862	0.0333085614254	0.25123844886	0.457012887083
886	0.859121749382	0.152979402902	0.030194237919	0.210897427778	0.426618617413
889	0.867968058297	0.170707745658	0.0316214549845	0.250460882035	0.454093600718
888	0.875678346921	0.149960374543	0.026822285304	0.221050428454	0.402240993252
891	0.818387451835	0.173960701499	0.0285452345453	0.286225929458	0.443040811218
890	0.706214054151	0.169257807326	0.0266107146796	0.270269493221	0.45353495506
893	0.85979040181	0.190997130385	0.0363352017578	0.316057068819	0.473994441686
892	0.848528791623	0.19019048007	0.037261091069	0.331966921548	0.485210915252
895	0.808945419681	0.157867157119	0.025987625707	0.236128296797	0.420162600087
894	0.832665148599	0.186719792139	0.0343112736442	0.306340708348	0.485762863617
864	0.78403234684	0.154874828754	0.0249391991439	0.231729674665	0.378838104473
865	0.754427562136	0.147609018139	0.0242065749118	0.212617187395	0.364875158665
866	0.724459148165	0.144778039491	0.0202590328924	0.264691334262	0.355043485401
867	0.923820952501	0.147605057049	0.0192781798088	0.207695281506	0.345415399377
868	0.873290562063	0.141556883812	0.0200084980446	0.19642236606	0.310473161567
869	0.880281940567	0.146194987804	0.0237289968415	0.222586936857	0.353503841364
870	0.877773298508	0.165443351369	0.0313977348503	0.287910786679	0.382159138332
871	0.860225210021	0.166842896286	0.0318711401145	0.259643166443	0.425892282805
872	0.870564256019	0.162306328653	0.0335029034304	0.232960464453	0.441929949935
873	0.889995955819	0.158515359901	0.032602974547	0.236280807239	0.402814770659
874	0.900776678114	0.189620126368	0.0373620640089	0.36434326204	0.493658151942
875	0.831056298349	0.159620197918	0.030562539546	0.229203167232	0.40286369833
876	0.811200979837	0.177201543289	0.0370219923414	0.261619834811	0.494781132736
877	0.704373262455	0.131472856677	0.0211388671307	0.202398630206	0.377151225748
878	0.715303606507	0.140503600428	0.0234249203186	0.20274613304	0.364587117523
879	0.915428704511	0.14084002492	0.0288318692441	0.198071487558	0.319097344851
851	0.824000102463	0.188091758189	0.0400303887499	0.313033802902	0.495008139207
850	0.95265902915	0.216815978694	0.050508890747	0.378529713364	0.589471641336
849	0.966905193024	0.20970752006	0.0484969747456	0.370252246824	0.516255117698
848	0.967450119493	0.214069879127	0.057289391173	0.402033945278	0.630637195301
855	0.914991260078	0.177812924979	0.0390290828593	0.246898354517	0.473013328956
854	0.894172283281	0.191808848911	0.0440017112382	0.296583007775	0.601026559161
853	0.908885544978	0.19071796421	0.0471918183253	0.299887897638	0.560846549132
852	0.908434654594	0.220193293559	0.0531011004788	0.377125593262	0.638852598501
859	0.677883761701	0.136456157475	0.0183628434308	0.224453979284	0.329169090022
858	0.684033489562	0.135954476294	0.0168075177435	0.228463325419	0.316146889531
857	0.613817727526	0.142151883038	0.0181617739212	0.23681740991	0.340347177023
856	0.913474408895	0.176301190727	0.0356662250964	0.266933195224	0.439864655244
863	0.741794498076	0.151794704978	0.0225669846125	0.247881600284	0.3915358744
862	0.726412540323	0.125504869961	0.0166317906725	0.190108300542	0.294959054046
861	0.810941406515	0.150259434241	0.0228194519497	0.23877469906	0.367270999253
860	0.666416763503	0.151850920466	0.0231965255786	0.247917972867	0.400676130822
834	0.854661101935	0.157489410482	0.0332438824965	0.220987869095	0.399922035792
835	0.900113416914	0.176166367545	0.0343906940271	0.261000820604	0.443576753453
832	0.917085062164	0.20809528914	0.051434543866	0.399582701459	0.556847664531
833	0.92441065735	0.199615099351	0.0516785887781	0.350469376571	0.560368768044
838	0.899927637102	0.176357835791	0.0329691943734	0.307736968307	0.434941031369
839	0.920416747239	0.190001903544	0.0381957193251	0.341475437698	0.498534663847
836	0.860070067475	0.155568604492	0.0270122254457	0.264824921211	0.374695024309
837	0.826549350769	0.147164179978	0.0208105388345	0.203860870778	0.368575552722
842	0.949943283606	0.191251699752	0.0410670723599	0.279724088856	0.49022133677
843	0.952531783333	0.193087821557	0.0356186092287	0.275001641585	0.449227350414
840	0.942793834187	0.211864614536	0.0478131911752	0.364762390056	0.558812219244
841	0.917551466862	0.203047123425	0.0413066735526	0.342357223812	0.520249080168
846	0.742526357096	0.187747610891	0.0343400114405	0.321137854204	0.490702892752
847	0.776722608953	0.182918682947	0.0363654211447	0.296561075548	0.479177200641
844	0.979568556689	0.200331384947	0.0423201438768	0.30269182859	0.513386425727
845	0.894382189451	0.176282099235	0.0361183848865	0.254761320686	0.481399672901
956	0.839260539857	0.133376523498	0.0228469571511	0.237027485245	0.326261466349
957	0.709252140019	0.127432834795	0.0231826294753	0.194959691139	0.344059960076
958	0.900694393	0.117878552157	0.021309573494	0.165537933725	0.275326028307
959	0.687109699742	0.120021952041	0.0181324852415	0.21138488284	0.290686084175
952	0.717381721788	0.126624007178	0.0193288983072	0.213253930408	0.328856391008
953	0.704765591291	0.120908231828	0.0212121193129	0.179105868552	0.307456906654
954	0.823058913423	0.117438500031	0.0196842750887	0.184487715498	0.298725721489
955	0.74840210131	0.13535665898	0.0206932754038	0.225548623986	0.325213254353
948	0.607339418345	0.142732247176	0.0229338237627	0.270904280886	0.38277454715
949	0.615228480208	0.132291452247	0.0194809413026	0.192605294242	0.343811319424
950	0.567440886384	0.120529640204	0.0149775108189	0.192985039369	0.278180862132
951	0.584365405868	0.12514159177	0.0157585579064	0.205603576563	0.328357134205
944	0.932645796965	0.145571467919	0.0330163473417	0.195509587756	0.447142475011
945	0.589253415551	0.129268452342	0.0228144157011	0.178562237813	0.444654507714
946	0.608673418204	0.142272021171	0.0234366989962	0.185326427255	0.439931900609
947	0.588315809223	0.124389545098	0.017742988034	0.19606297047	0.321694208634
941	0.912660784762	0.147005120847	0.0365404504712	0.197792121962	0.344533886986
940	0.897754372877	0.147789550199	0.0352668771663	0.209189533825	0.35025587761
943	0.93750055805	0.148191932311	0.0336304978882	0.238437150741	0.409539564033
942	0.936834529358	0.145958525448	0.0351680787533	0.23002725904	0.429945498226
937	0.722572171521	0.117877382374	0.0209868069104	0.195769858999	0.31896186032
936	0.544831269473	0.0800144483229	0.00717834461421	0.114695497806	0.178013930756
939	0.894621712656	0.124997292839	0.0222180253468	0.194542834817	0.287880260065
938	0.679436639628	0.127098778445	0.0220901974773	0.196915048081	0.350123003961
933	0.687891931649	0.106741744157	0.0138529954554	0.154406271415	0.252741212149
932	0.733382733169	0.137744303288	0.0282794873831	0.192560045081	0.370421032778
935	0.479899568643	0.0827968512005	0.00767982568813	0.125000809257	0.183456186265
934	0.448521977715	0.0962631269994	0.00899285667525	0.148099871385	0.22173542926
929	0.768492197138	0.123694300306	0.0199843067056	0.199380005924	0.277603861873
928	0.684397726872	0.105894431121	0.0144522389205	0.15803392545	0.253749718636
931	0.73977179795	0.140735005473	0.0227921081644	0.207988131539	0.34516042822
930	0.658541143342	0.129660499277	0.0153614321899	0.223427640715	0.28231835692
926	0.935527272625	0.179598080537	0.0459091018507	0.284433619723	0.568603331638
927	0.921814083461	0.149369517779	0.0360190454367	0.204300075697	0.367258953102
924	0.809880580688	0.182346205539	0.0471182842537	0.284975966679	0.603621650445
925	0.927541011069	0.199005800486	0.0525869367187	0.351553056126	0.632772402326
922	0.725430116262	0.152074227439	0.0283075829207	0.237672955992	0.376153874722
923	0.812782954508	0.187597710185	0.0424727357001	0.267755147364	0.578018914151
920	0.636953940237	0.149329019885	0.0163281264244	0.23567763017	0.344321150793
921	0.828491087247	0.150141830897	0.0226390731649	0.225574976541	0.332926705702
918	0.717746904963	0.170345961585	0.0247780771439	0.270024157951	0.411985869205
919	0.610867458656	0.150413634379	0.019147571297	0.244426621395	0.366093012679
916	0.858740645289	0.165604866081	0.0274080168596	0.268490242556	0.354168578778
917	0.788133607847	0.185623527973	0.0294863480756	0.315707838598	0.450974656899
914	0.817949232726	0.158848409527	0.029890996677	0.228221428652	0.406553366054
915	0.73553995537	0.153522377656	0.0236837031923	0.239841645336	0.337740048129
912	0.70406242295	0.161997880629	0.0282948507238	0.246339779545	0.445310951376
913	0.711911977239	0.131394133799	0.019110967687	0.182164427867	0.323085589824
911	0.784287671583	0.167483783675	0.0295359346291	0.312387723249	0.439477977375
910	0.787736779581	0.186265478157	0.0319592309758	0.335615083628	0.459276187498
909	0.835906604998	0.185962692432	0.0356052369206	0.333117651341	0.449898664716
908	0.831410050875	0.173013666172	0.0309581460642	0.275332668174	0.417734302883
907	0.872370966093	0.147214797057	0.0213388423945	0.219482318937	0.349797286103
906	0.868046712513	0.156949539797	0.0261143138079	0.242508852357	0.335574341173
905	0.675810764496	0.139893930871	0.0181850148701	0.222340349925	0.333886159222
904	0.80926874071	0.174130882181	0.032356768968	0.293345640147	0.450653262333
903	0.886624873707	0.218421315159	0.0563740274923	0.420009751272	0.614079554199
902	0.874202023667	0.228799042831	0.0572252488787	0.456567470795	0.633229491587
901	0.839830174368	0.187896148796	0.0473602153016	0.356792910574	0.599628365434
900	0.927449963426	0.17227425944	0.0432073992793	0.256271669444	0.577065239174
899	0.924500597153	0.147489689906	0.0332939819978	0.182923736011	0.429797618283
898	0.618599741478	0.118760538079	0.0154308614158	0.17902117132	0.264800006503
897	0.858521526927	0.13273121103	0.018676829724	0.202988484892	0.289657675132
896	0.905386911674	0.16536449898	0.0328566527452	0.24830377785	0.368753231227
1016	0.648603628716	0.130720055171	0.0239070615687	0.220662778475	0.377106508178
1017	0.666497800397	0.16334383179	0.0338394446957	0.352591780194	0.486354206175
1018	0.821556371085	0.140458359673	0.0276779808699	0.23609663272	0.42434565183
1019	0.826712634019	0.135419748903	0.0281460293887	0.204995892727	0.38864173465
1020	0.809802343993	0.143688024091	0.0286810166448	0.275605371709	0.430972981655
1021	0.814532278855	0.147330486017	0.0313926147824	0.291183900634	0.431784303998
1022	0.704467880347	0.117080192621	0.0206833267392	0.202301039997	0.336366131293
1023	0.509877697757	0.0944973649085	0.0113114592164	0.139611517626	0.238017522322
1008	0.69890649065	0.092778304418	0.0148771914357	0.122991475152	0.229754639902
1009	0.843700944912	0.114115956764	0.026524698294	0.148238984685	0.348979587636
1010	0.735993081144	0.118172361922	0.0255942778825	0.166018993211	0.347775089356
1011	0.751534756232	0.123624008925	0.0273219084143	0.19941863263	0.390731879545
1012	0.838678108925	0.11584813775	0.0264870521293	0.19750506149	0.36387830832
1013	0.756353500411	0.128940521239	0.0218688295757	0.244522106913	0.336798851496
1014	0.709694407904	0.13832518356	0.0241946470319	0.244966359903	0.364154033157
1015	0.70580079332	0.145123692326	0.0245769929933	0.2752321319	0.376599261547
1001	0.667555810854	0.132656840791	0.0239888364269	0.218408765966	0.359892305932
1000	0.706442339085	0.142056445432	0.02817149566	0.280611960095	0.399456157505
1003	0.898824137279	0.168446394918	0.0375799439491	0.258237224452	0.460270784053
1002	0.786805227979	0.172119847824	0.0350577109885	0.322652159876	0.460174279263
1005	0.77815743347	0.147524926897	0.034258859809	0.248776901753	0.413919783686
1004	0.770595260228	0.146690346497	0.0320446230749	0.224152001164	0.396041109061
1007	0.806275271674	0.116071079546	0.0218084435389	0.180169459092	0.273617937174
1006	0.792816465999	0.145794111097	0.0302688959356	0.245380779677	0.403905773521
993	0.842998127995	0.163454034699	0.0391733947638	0.266376629885	0.517313553535
992	0.87681434288	0.152894146481	0.0372377306749	0.226066916615	0.462154194042
995	0.829957164162	0.135769449892	0.0290891564169	0.189082789604	0.411437234351
994	0.841322414988	0.162247017506	0.0372798732617	0.272507416524	0.514814254872
997	0.840357579846	0.13093119172	0.029483907822	0.182391009461	0.341218594301
996	0.847235762931	0.110627186734	0.0233263218908	0.135619487877	0.268499506286
999	0.616570697095	0.118324376617	0.0212594920985	0.182754864754	0.338455055134
998	0.823633085215	0.115523790244	0.0240609765251	0.154157567615	0.328662772493
986	0.685825744567	0.134678964814	0.0246716901191	0.200209248051	0.396553335776
987	0.751553491128	0.133373448205	0.0269676044346	0.187789043565	0.374637713976
984	0.767204132667	0.141490177148	0.0253289698733	0.23177375398	0.380680604521
985	0.635038352994	0.135762205323	0.023537415914	0.226515457748	0.372073201527
990	0.71764942074	0.129399707308	0.0237157249045	0.210810322135	0.335517968902
991	0.876732197937	0.161391771246	0.0416394495106	0.266695439297	0.469922174403
988	0.607180215038	0.110829481387	0.016139317974	0.170768714845	0.306131173307
989	0.701707667686	0.103455514124	0.0146274676148	0.148294131781	0.235033639877
978	0.7552681374	0.149624561678	0.0284440258067	0.245753183563	0.413965083593
979	0.743727099261	0.13278809813	0.0246211308035	0.211138703661	0.390643692717
976	0.755898039052	0.148698781136	0.0277414565129	0.231745298254	0.42085667352
977	0.760981257223	0.153305876617	0.0273873611516	0.233377168005	0.414830909587
982	0.776668359201	0.11899090335	0.0210733806863	0.17491024044	0.294076617074
983	0.805045018309	0.135360263406	0.0268528152788	0.221184363866	0.368124981878
980	0.752757740175	0.110038009489	0.0181469197174	0.153883309922	0.282564897455
981	0.743720233764	0.100694424259	0.0139120536843	0.136756851092	0.2452095102
971	0.808552400469	0.166922700032	0.0320455301862	0.26577456722	0.444231084876
970	0.784279171745	0.155926332572	0.025466205946	0.245970174886	0.383481813509
969	0.874075291948	0.158486505072	0.0311477768784	0.284800296353	0.407212106295
968	0.78521515251	0.17305410362	0.0332715065661	0.32635907203	0.436427596367
975	0.753407038525	0.130089954803	0.0251132689136	0.210401669964	0.320554338088
974	0.870323365399	0.13887157429	0.0317563950006	0.200758407731	0.413521731687
973	0.877213479643	0.150195664515	0.035706862171	0.235384619957	0.461335044139
972	0.809422183392	0.159785573326	0.0314547701927	0.257549655597	0.439361505201
963	0.61447909092	0.110244586338	0.0135620985953	0.178909451554	0.271540499426
962	0.839871924096	0.105085836031	0.0170278941844	0.153404628352	0.243194630705
961	0.847947253614	0.138084597937	0.0308117764902	0.187296172944	0.383768312074
960	0.686971631007	0.107624768721	0.0162614633422	0.154157645802	0.271792853517
967	0.904336542935	0.148804889146	0.0339781588539	0.191515696644	0.413614756992
966	0.704558700888	0.121473084656	0.01893290286	0.175035383365	0.289446896019
965	0.652175872061	0.124173356242	0.0166503881202	0.192916593834	0.27498646275
964	0.665536658773	0.119568249478	0.0165842846553	0.175336062579	0.287062841195
